contact_info,email,contact_id,first_name,last_name
"{""contact_id"": 4661, ""name"": ""Cecilia Velasco"", ""email"": ""cecilia.velasco@rodrigues.fr""}",cecilia.velasco@rodrigues.fr,4661,Cecilia,Velasco
"{""contact_id"": 3765, ""name"": ""Mariana Ellis"", ""email"": ""mariana.ellis@rossi.org""}",mariana.ellis@rossi.org,3765,Mariana,Ellis
"{""contact_id"": 4187, ""name"": ""Sofie Woods"", ""email"": ""sofie.woods@riviere.com""}",sofie.woods@riviere.com,4187,Sofie,Woods
"{""contact_id"": 4941, ""name"": ""Jeanette Iannotti"", ""email"": ""jeanette.iannotti@yahoo.com""}",jeanette.iannotti@yahoo.com,4941,Jeanette,Iannotti
"{""contact_id"": 2199, ""name"": ""Samuel Sorgatz"", ""email"": ""samuel.sorgatz@gmail.com""}",samuel.sorgatz@gmail.com,2199,Samuel,Sorgatz
"{""contact_id"": 5650, ""name"": ""Socorro Luna"", ""email"": ""socorro.luna@hotmail.com""}",socorro.luna@hotmail.com,5650,Socorro,Luna
"{""contact_id"": 5889, ""name"": ""Carolina Murray"", ""email"": ""carolina.murray@knight.com""}",carolina.murray@knight.com,5889,Carolina,Murray
"{""contact_id"": 4842, ""name"": ""Kayla Moon"", ""email"": ""kayla.moon@yahoo.de""}",kayla.moon@yahoo.de,4842,Kayla,Moon
"{""contact_id"": 3280, ""name"": ""Ariadna Geisel"", ""email"": ""ariadna.geisel@rangel.com""}",ariadna.geisel@rangel.com,3280,Ariadna,Geisel
"{""contact_id"": 5468, ""name"": ""Danielle Ladeck"", ""email"": ""danielle.ladeck@scalfaro.net""}",danielle.ladeck@scalfaro.net,5468,Danielle,Ladeck
"{""contact_id"": 3064, ""name"": ""Tatiana Thompson"", ""email"": ""tatiana.thompson@hunt.net""}",tatiana.thompson@hunt.net,3064,Tatiana,Thompson
"{""contact_id"": 4904, ""name"": ""Caleb Benavides"", ""email"": ""caleb.benavides@rubio.com""}",caleb.benavides@rubio.com,4904,Caleb,Benavides
"{""contact_id"": 1299, ""name"": ""Sandra Hardy"", ""email"": ""sandra.hardy@web.de""}",sandra.hardy@web.de,1299,Sandra,Hardy
"{""contact_id"": 5602, ""name"": ""Lotti Morris"", ""email"": ""lotti.morris@yahoo.co.uk""}",lotti.morris@yahoo.co.uk,5602,Lotti,Morris
"{""contact_id"": 5753, ""name"": ""Reinhilde White"", ""email"": ""reinhilde.white@voila.fr""}",reinhilde.white@voila.fr,5753,Reinhilde,White
"{""contact_id"": 4495, ""name"": ""Kerry Patel"", ""email"": ""kerry.patel@hutchinson.com""}",kerry.patel@hutchinson.com,4495,Kerry,Patel
"{""contact_id"": 4269, ""name"": ""Sophie Antoine"", ""email"": ""sophie.antoine@andersen.com""}",sophie.antoine@andersen.com,4269,Sophie,Antoine
"{""contact_id"": 2226, ""name"": ""Martha Girard"", ""email"": ""martha.girard@web.de""}",martha.girard@web.de,2226,Martha,Girard
"{""contact_id"": 1558, ""name"": ""Stephanie King"", ""email"": ""stephanie.king@cervantes.com""}",stephanie.king@cervantes.com,1558,Stephanie,King
"{""contact_id"": 2307, ""name"": ""Amanda Palmer"", ""email"": ""amanda.palmer@didier.fr""}",amanda.palmer@didier.fr,2307,Amanda,Palmer
"{""contact_id"": 2900, ""name"": ""Lina Alcala"", ""email"": ""lina.alcala@vespa.net""}",lina.alcala@vespa.net,2900,Lina,Alcala
"{""contact_id"": 5695, ""name"": ""Itzel Murphy"", ""email"": ""itzel.murphy@muelichen.de""}",itzel.murphy@muelichen.de,5695,Itzel,Murphy
"{""contact_id"": 5708, ""name"": ""Filippo Parry"", ""email"": ""filippo.parry@live.com""}",filippo.parry@live.com,5708,Filippo,Parry
"{""contact_id"": 1663, ""name"": ""Katelyn Cole"", ""email"": ""katelyn.cole@fiebig.com""}",katelyn.cole@fiebig.com,1663,Katelyn,Cole
"{""contact_id"": 3605, ""name"": ""Brian Novak"", ""email"": ""brian.novak@ford.net""}",brian.novak@ford.net,3605,Brian,Novak
"{""contact_id"": 4678, ""name"": ""Cilly Gay"", ""email"": ""cilly.gay@callegaro.it""}",cilly.gay@callegaro.it,4678,Cilly,Gay
"{""contact_id"": 2251, ""name"": ""Yolanda Snyder"", ""email"": ""yolanda.snyder@gmx.de""}",yolanda.snyder@gmx.de,2251,Yolanda,Snyder
"{""contact_id"": 6202, ""name"": ""Evelin Odonnell"", ""email"": ""evelin.odonnell@ibarra.net""}",evelin.odonnell@ibarra.net,6202,Evelin,Odonnell
"{""contact_id"": 3715, ""name"": ""Ingeborg Alba"", ""email"": ""ingeborg.alba@hotmail.com""}",ingeborg.alba@hotmail.com,3715,Ingeborg,Alba
"{""contact_id"": 4242, ""name"": ""Marina Madrid"", ""email"": ""marina.madrid@galarza-alba.com""}",marina.madrid@galarza-alba.com,4242,Marina,Madrid
"{""contact_id"": 4326, ""name"": ""Sheila Goodwin"", ""email"": ""sheila.goodwin@yahoo.com""}",sheila.goodwin@yahoo.com,4326,Sheila,Goodwin
"{""contact_id"": 5560, ""name"": ""Valeria Rich"", ""email"": ""valeria.rich@turchetta-mondadori.it""}",valeria.rich@turchetta-mondadori.it,5560,Valeria,Rich
"{""contact_id"": 4002, ""name"": ""Dustin Camacho"", ""email"": ""dustin.camacho@rhodes.org.au""}",dustin.camacho@rhodes.org.au,4002,Dustin,Camacho
"{""contact_id"": 3813, ""name"": ""Amalia Marenzio"", ""email"": ""amalia.marenzio@grupo.com""}",amalia.marenzio@grupo.com,3813,Amalia,Marenzio
"{""contact_id"": 5336, ""name"": ""Gian Long"", ""email"": ""gian.long@hotmail.com""}",gian.long@hotmail.com,5336,Gian,Long
"{""contact_id"": 4994, ""name"": ""Stewart Hunt"", ""email"": ""stewart.hunt@anderson-vargas.biz""}",stewart.hunt@anderson-vargas.biz,4994,Stewart,Hunt
"{""contact_id"": 1471, ""name"": ""Greca Ruiz"", ""email"": ""greca.ruiz@carr.co.uk""}",greca.ruiz@carr.co.uk,1471,Greca,Ruiz
"{""contact_id"": 4482, ""name"": ""Gerald Olivera"", ""email"": ""gerald.olivera@outlook.com""}",gerald.olivera@outlook.com,4482,Gerald,Olivera
"{""contact_id"": 3241, ""name"": ""Jaqueline Wallace"", ""email"": ""jaqueline.wallace@gmail.com""}",jaqueline.wallace@gmail.com,3241,Jaqueline,Wallace
"{""contact_id"": 3477, ""name"": ""John Lane"", ""email"": ""john.lane@gregoire.fr""}",john.lane@gregoire.fr,3477,John,Lane
"{""contact_id"": 2265, ""name"": ""Pero Joly"", ""email"": ""pero.joly@bernard.net""}",pero.joly@bernard.net,2265,Pero,Joly
"{""contact_id"": 5911, ""name"": ""Chad Turner"", ""email"": ""chad.turner@gmail.com""}",chad.turner@gmail.com,5911,Chad,Turner
"{""contact_id"": 2288, ""name"": ""Adam Zavala"", ""email"": ""adam.zavala@guichard.fr""}",adam.zavala@guichard.fr,2288,Adam,Zavala
"{""contact_id"": 4064, ""name"": ""Tyler Rivera"", ""email"": ""tyler.rivera@guajardo-ozuna.com""}",tyler.rivera@guajardo-ozuna.com,4064,Tyler,Rivera
"{""contact_id"": 1294, ""name"": ""Jens Graham"", ""email"": ""jens.graham@jones-buckley.com""}",jens.graham@jones-buckley.com,1294,Jens,Graham
"{""contact_id"": 5008, ""name"": ""Virginia Caetani"", ""email"": ""virginia.caetani@sosa.biz""}",virginia.caetani@sosa.biz,5008,Virginia,Caetani
"{""contact_id"": 3604, ""name"": ""Martino Wagner"", ""email"": ""martino.wagner@laposte.net""}",martino.wagner@laposte.net,3604,Martino,Wagner
"{""contact_id"": 3263, ""name"": ""Martin Meyer"", ""email"": ""martin.meyer@davis.co.uk""}",martin.meyer@davis.co.uk,3263,Martin,Meyer
"{""contact_id"": 5631, ""name"": ""Marguerite Walls"", ""email"": ""marguerite.walls@martinez.fr""}",marguerite.walls@martinez.fr,5631,Marguerite,Walls
"{""contact_id"": 2851, ""name"": ""Peter Vogt"", ""email"": ""peter.vogt@yahoo.com""}",peter.vogt@yahoo.com,2851,Peter,Vogt
"{""contact_id"": 3714, ""name"": ""Nicholas Christian"", ""email"": ""nicholas.christian@hotmail.de""}",nicholas.christian@hotmail.de,3714,Nicholas,Christian
"{""contact_id"": 1664, ""name"": ""Susi Steinberg"", ""email"": ""susi.steinberg@preiss.com""}",susi.steinberg@preiss.com,1664,Susi,Steinberg
"{""contact_id"": 5027, ""name"": ""Tammy Ramazzotti"", ""email"": ""tammy.ramazzotti@gmail.com""}",tammy.ramazzotti@gmail.com,5027,Tammy,Ramazzotti
"{""contact_id"": 3070, ""name"": ""Abdul Thomas"", ""email"": ""abdul.thomas@vasari.com""}",abdul.thomas@vasari.com,3070,Abdul,Thomas
"{""contact_id"": 4248, ""name"": ""Justin Luxardo"", ""email"": ""justin.luxardo@googlemail.com""}",justin.luxardo@googlemail.com,4248,Justin,Luxardo
"{""contact_id"": 2034, ""name"": ""Antonio Gibson"", ""email"": ""antonio.gibson@faust.net""}",antonio.gibson@faust.net,2034,Antonio,Gibson
"{""contact_id"": 4085, ""name"": ""Jeremy Gomez"", ""email"": ""jeremy.gomez@oconnor.org""}",jeremy.gomez@oconnor.org,4085,Jeremy,Gomez
"{""contact_id"": 3569, ""name"": ""Raymond Solorzano"", ""email"": ""raymond.solorzano@gmail.com""}",raymond.solorzano@gmail.com,3569,Raymond,Solorzano
"{""contact_id"": 3889, ""name"": ""Flora Harris"", ""email"": ""flora.harris@hotmail.com.au""}",flora.harris@hotmail.com.au,3889,Flora,Harris
"{""contact_id"": 3136, ""name"": ""Cheryl Boyd"", ""email"": ""cheryl.boyd@segni.it""}",cheryl.boyd@segni.it,3136,Cheryl,Boyd
"{""contact_id"": 2103, ""name"": ""Rhys Leiva"", ""email"": ""rhys.leiva@gmx.de""}",rhys.leiva@gmx.de,2103,Rhys,Leiva
"{""contact_id"": 2329, ""name"": ""Mariano Prieto"", ""email"": ""mariano.prieto@vodafone.it""}",mariano.prieto@vodafone.it,2329,Mariano,Prieto
"{""contact_id"": 3325, ""name"": ""Laurie Fibonacci"", ""email"": ""laurie.fibonacci@gmail.com""}",laurie.fibonacci@gmail.com,3325,Laurie,Fibonacci
"{""contact_id"": 3131, ""name"": ""David Rudolph"", ""email"": ""david.rudolph@nelson.com""}",david.rudolph@nelson.com,3131,David,Rudolph
"{""contact_id"": 4995, ""name"": ""Bryan Ross"", ""email"": ""bryan.ross@yahoo.com""}",bryan.ross@yahoo.com,4995,Bryan,Ross
"{""contact_id"": 3631, ""name"": ""Ubaldo Brown"", ""email"": ""ubaldo.brown@philippe.com""}",ubaldo.brown@philippe.com,3631,Ubaldo,Brown
"{""contact_id"": 5373, ""name"": ""Clelia Faulkner"", ""email"": ""clelia.faulkner@hotmail.com""}",clelia.faulkner@hotmail.com,5373,Clelia,Faulkner
"{""contact_id"": 3126, ""name"": ""Sara Erickson"", ""email"": ""sara.erickson@yahoo.de""}",sara.erickson@yahoo.de,3126,Sara,Erickson
"{""contact_id"": 2194, ""name"": ""Rupert Valle"", ""email"": ""rupert.valle@filogamo.it""}",rupert.valle@filogamo.it,2194,Rupert,Valle
"{""contact_id"": 2906, ""name"": ""Puccio Kitzmann"", ""email"": ""puccio.kitzmann@yahoo.com""}",puccio.kitzmann@yahoo.com,2906,Puccio,Kitzmann
"{""contact_id"": 2611, ""name"": ""Thomas Hutchinson"", ""email"": ""thomas.hutchinson@gmx.de""}",thomas.hutchinson@gmx.de,2611,Thomas,Hutchinson
"{""contact_id"": 2374, ""name"": ""Abelardo Castro"", ""email"": ""abelardo.castro@gmail.com""}",abelardo.castro@gmail.com,2374,Abelardo,Castro
"{""contact_id"": 3254, ""name"": ""Greco Walker"", ""email"": ""greco.walker@yahoo.com""}",greco.walker@yahoo.com,3254,Greco,Walker
"{""contact_id"": 3571, ""name"": ""Miranda Lacombe"", ""email"": ""miranda.lacombe@longoria-vanegas.net""}",miranda.lacombe@longoria-vanegas.net,3571,Miranda,Lacombe
"{""contact_id"": 2812, ""name"": ""Diana Schuchhardt"", ""email"": ""diana.schuchhardt@libero.it""}",diana.schuchhardt@libero.it,2812,Diana,Schuchhardt
"{""contact_id"": 3961, ""name"": ""Stacey Knox"", ""email"": ""stacey.knox@corporacin.com""}",stacey.knox@corporacin.com,3961,Stacey,Knox
"{""contact_id"": 3872, ""name"": ""Glen Faivre"", ""email"": ""glen.faivre@yahoo.com""}",glen.faivre@yahoo.com,3872,Glen,Faivre
"{""contact_id"": 4736, ""name"": ""Andrew Torres"", ""email"": ""andrew.torres@ruiz-torres.org""}",andrew.torres@ruiz-torres.org,4736,Andrew,Torres
"{""contact_id"": 5119, ""name"": ""Denny Fritz"", ""email"": ""denny.fritz@despacho.biz""}",denny.fritz@despacho.biz,5119,Denny,Fritz
"{""contact_id"": 5725, ""name"": ""Martyn Caldera"", ""email"": ""martyn.caldera@hotmail.co.uk""}",martyn.caldera@hotmail.co.uk,5725,Martyn,Caldera
"{""contact_id"": 4037, ""name"": ""Abigail Foster"", ""email"": ""abigail.foster@taylor.net""}",abigail.foster@taylor.net,4037,Abigail,Foster
"{""contact_id"": 2109, ""name"": ""Anthony Hauffer"", ""email"": ""anthony.hauffer@tlustek.org""}",anthony.hauffer@tlustek.org,2109,Anthony,Hauffer
"{""contact_id"": 3283, ""name"": ""Roger Gerlach"", ""email"": ""roger.gerlach@may-mitchell.co.uk""}",roger.gerlach@may-mitchell.co.uk,3283,Roger,Gerlach
"{""contact_id"": 6181, ""name"": ""Christopher Poirier"", ""email"": ""christopher.poirier@hotmail.com""}",christopher.poirier@hotmail.com,6181,Christopher,Poirier
"{""contact_id"": 3251, ""name"": ""Branka Traore"", ""email"": ""branka.traore@jacobi.com""}",branka.traore@jacobi.com,3251,Branka,Traore
"{""contact_id"": 3443, ""name"": ""Briana Etienne"", ""email"": ""briana.etienne@bishop-coates.com""}",briana.etienne@bishop-coates.com,3443,Briana,Etienne
"{""contact_id"": 2988, ""name"": ""Brandon Olson"", ""email"": ""brandon.olson@prince-moreno.net""}",brandon.olson@prince-moreno.net,2988,Brandon,Olson
"{""contact_id"": 1673, ""name"": ""Celia Ungaretti"", ""email"": ""celia.ungaretti@fox.com""}",celia.ungaretti@fox.com,1673,Celia,Ungaretti
"{""contact_id"": 2085, ""name"": ""Barbara Guibert"", ""email"": ""barbara.guibert@casares-sanches.com""}",barbara.guibert@casares-sanches.com,2085,Barbara,Guibert
"{""contact_id"": 1672, ""name"": ""Daniela Bell"", ""email"": ""daniela.bell@vollbrecht.org""}",daniela.bell@vollbrecht.org,1672,Daniela,Bell
"{""contact_id"": 4426, ""name"": ""Phyllis Gurule"", ""email"": ""phyllis.gurule@rodriguez-pham.com""}",phyllis.gurule@rodriguez-pham.com,4426,Phyllis,Gurule
"{""contact_id"": 3211, ""name"": ""Alejandra Joseph"", ""email"": ""alejandra.joseph@escalante-abrego.biz""}",alejandra.joseph@escalante-abrego.biz,3211,Alejandra,Joseph
"{""contact_id"": 3190, ""name"": ""Giulio Bohlander"", ""email"": ""giulio.bohlander@dbmail.com""}",giulio.bohlander@dbmail.com,3190,Giulio,Bohlander
"{""contact_id"": 2081, ""name"": ""Amber Weller"", ""email"": ""amber.weller@toso.eu""}",amber.weller@toso.eu,2081,Amber,Weller
"{""contact_id"": 3185, ""name"": ""Mary Etzold"", ""email"": ""mary.etzold@conrad-harrison.com""}",mary.etzold@conrad-harrison.com,3185,Mary,Etzold
"{""contact_id"": 5044, ""name"": ""Amy Georges"", ""email"": ""amy.georges@raedel.de""}",amy.georges@raedel.de,5044,Amy,Georges
"{""contact_id"": 1883, ""name"": ""Jennifer Giraud"", ""email"": ""jennifer.giraud@yahoo.com""}",jennifer.giraud@yahoo.com,1883,Jennifer,Giraud
"{""contact_id"": 2067, ""name"": ""Rosie Peltier"", ""email"": ""rosie.peltier@voila.fr""}",rosie.peltier@voila.fr,2067,Rosie,Peltier
"{""contact_id"": 4604, ""name"": ""Oreste Ward"", ""email"": ""oreste.ward@proyectos.com""}",oreste.ward@proyectos.com,4604,Oreste,Ward
"{""contact_id"": 3203, ""name"": ""Luis Edwards"", ""email"": ""luis.edwards@live.com""}",luis.edwards@live.com,3203,Luis,Edwards
"{""contact_id"": 5758, ""name"": ""Fiona Griffiths"", ""email"": ""fiona.griffiths@curatoli-verdone.it""}",fiona.griffiths@curatoli-verdone.it,5758,Fiona,Griffiths
"{""contact_id"": 5755, ""name"": ""Sally Raya"", ""email"": ""sally.raya@tarchetti.it""}",sally.raya@tarchetti.it,5755,Sally,Raya
"{""contact_id"": 5150, ""name"": ""Carolyn Charpentier"", ""email"": ""carolyn.charpentier@hotmail.de""}",carolyn.charpentier@hotmail.de,5150,Carolyn,Charpentier
"{""contact_id"": 4181, ""name"": ""Nathalie Alvarez"", ""email"": ""nathalie.alvarez@live.com""}",nathalie.alvarez@live.com,4181,Nathalie,Alvarez
"{""contact_id"": 3006, ""name"": ""Abril Lowery"", ""email"": ""abril.lowery@novak.net""}",abril.lowery@novak.net,3006,Abril,Lowery
"{""contact_id"": 4865, ""name"": ""Ottone Sullivan"", ""email"": ""ottone.sullivan@hussain-kaur.com""}",ottone.sullivan@hussain-kaur.com,4865,Ottone,Sullivan
"{""contact_id"": 2862, ""name"": ""Esmeralda Sollima"", ""email"": ""esmeralda.sollima@visintini.it""}",esmeralda.sollima@visintini.it,2862,Esmeralda,Sollima
"{""contact_id"": 6070, ""name"": ""Silvia Gierschner"", ""email"": ""silvia.gierschner@tele2.it""}",silvia.gierschner@tele2.it,6070,Silvia,Gierschner
"{""contact_id"": 5300, ""name"": ""Kyle Cunningham"", ""email"": ""kyle.cunningham@voila.fr""}",kyle.cunningham@voila.fr,5300,Kyle,Cunningham
"{""contact_id"": 3486, ""name"": ""Anel Carpentier"", ""email"": ""anel.carpentier@klein-joseph.org""}",anel.carpentier@klein-joseph.org,3486,Anel,Carpentier
"{""contact_id"": 5989, ""name"": ""Sarah Davis"", ""email"": ""sarah.davis@david.com""}",sarah.davis@david.com,5989,Sarah,Davis
"{""contact_id"": 2849, ""name"": ""Luke Klein"", ""email"": ""luke.klein@hotmail.com""}",luke.klein@hotmail.com,2849,Luke,Klein
"{""contact_id"": 1612, ""name"": ""Gudrun Mueller"", ""email"": ""gudrun.mueller@dillon-fuller.info""}",gudrun.mueller@dillon-fuller.info,1612,Gudrun,Mueller
"{""contact_id"": 3307, ""name"": ""Melissa Canali"", ""email"": ""melissa.canali@libero.it""}",melissa.canali@libero.it,3307,Melissa,Canali
"{""contact_id"": 5288, ""name"": ""Gabrielle Ayala"", ""email"": ""gabrielle.ayala@hotmail.com""}",gabrielle.ayala@hotmail.com,5288,Gabrielle,Ayala
"{""contact_id"": 6026, ""name"": ""Laura Buckley"", ""email"": ""laura.buckley@ryan.org""}",laura.buckley@ryan.org,6026,Laura,Buckley
"{""contact_id"": 2212, ""name"": ""Wilfrido Lorch"", ""email"": ""wilfrido.lorch@leclerc.fr""}",wilfrido.lorch@leclerc.fr,2212,Wilfrido,Lorch
"{""contact_id"": 4591, ""name"": ""Robert Bruder"", ""email"": ""robert.bruder@manzoni.com""}",robert.bruder@manzoni.com,4591,Robert,Bruder
"{""contact_id"": 2771, ""name"": ""Phillip Soliz"", ""email"": ""phillip.soliz@outlook.com""}",phillip.soliz@outlook.com,2771,Phillip,Soliz
"{""contact_id"": 5682, ""name"": ""Alex Smith"", ""email"": ""alex.smith@fournier.fr""}",alex.smith@fournier.fr,5682,Alex,Smith
"{""contact_id"": 5368, ""name"": ""Jessica Martinez"", ""email"": ""jessica.martinez@salieri.com""}",jessica.martinez@salieri.com,5368,Jessica,Martinez
"{""contact_id"": 3706, ""name"": ""Kelly Carter"", ""email"": ""kelly.carter@hotmail.com.au""}",kelly.carter@hotmail.com.au,3706,Kelly,Carter
"{""contact_id"": 4034, ""name"": ""Ahmad Sosa"", ""email"": ""ahmad.sosa@gmail.com""}",ahmad.sosa@gmail.com,4034,Ahmad,Sosa
"{""contact_id"": 3209, ""name"": ""Toralf Iglesias"", ""email"": ""toralf.iglesias@borrego.com""}",toralf.iglesias@borrego.com,3209,Toralf,Iglesias
"{""contact_id"": 2384, ""name"": ""Irene Anichini"", ""email"": ""irene.anichini@yahoo.com""}",irene.anichini@yahoo.com,2384,Irene,Anichini
"{""contact_id"": 3074, ""name"": ""Alicia Cainero"", ""email"": ""alicia.cainero@yahoo.com""}",alicia.cainero@yahoo.com,3074,Alicia,Cainero
"{""contact_id"": 2031, ""name"": ""Tracey Laboy"", ""email"": ""tracey.laboy@bell.biz""}",tracey.laboy@bell.biz,2031,Tracey,Laboy
"{""contact_id"": 5873, ""name"": ""Donald Reynaud"", ""email"": ""donald.reynaud@green.edu.au""}",donald.reynaud@green.edu.au,5873,Donald,Reynaud
"{""contact_id"": 5501, ""name"": ""Venancio Stadelmann"", ""email"": ""venancio.stadelmann@gmx.de""}",venancio.stadelmann@gmx.de,5501,Venancio,Stadelmann
"{""contact_id"": 3489, ""name"": ""Seth Olivier"", ""email"": ""seth.olivier@yahoo.com""}",seth.olivier@yahoo.com,3489,Seth,Olivier
"{""contact_id"": 4210, ""name"": ""Dennis Boaga"", ""email"": ""dennis.boaga@gmx.de""}",dennis.boaga@gmx.de,4210,Dennis,Boaga
"{""contact_id"": 6151, ""name"": ""Pedro Wilson"", ""email"": ""pedro.wilson@outlook.com""}",pedro.wilson@outlook.com,6151,Pedro,Wilson
"{""contact_id"": 6047, ""name"": ""Roland Weihmann"", ""email"": ""roland.weihmann@gmail.com""}",roland.weihmann@gmail.com,6047,Roland,Weihmann
"{""contact_id"": 5445, ""name"": ""Hector Morrison"", ""email"": ""hector.morrison@web.de""}",hector.morrison@web.de,5445,Hector,Morrison
"{""contact_id"": 5493, ""name"": ""Evangelos Peters"", ""email"": ""evangelos.peters@sanchez.net""}",evangelos.peters@sanchez.net,5493,Evangelos,Peters
"{""contact_id"": 6036, ""name"": ""Gerardo Hamilton"", ""email"": ""gerardo.hamilton@libero.it""}",gerardo.hamilton@libero.it,6036,Gerardo,Hamilton
"{""contact_id"": 2368, ""name"": ""Meta Cuzzocrea"", ""email"": ""meta.cuzzocrea@howard-jensen.org""}",meta.cuzzocrea@howard-jensen.org,2368,Meta,Cuzzocrea
"{""contact_id"": 1501, ""name"": ""Alma Raymond"", ""email"": ""alma.raymond@tin.it""}",alma.raymond@tin.it,1501,Alma,Raymond
"{""contact_id"": 4351, ""name"": ""Kathleen Solimena"", ""email"": ""kathleen.solimena@wallace.biz""}",kathleen.solimena@wallace.biz,4351,Kathleen,Solimena
"{""contact_id"": 3096, ""name"": ""Zacharie Cordier"", ""email"": ""zacharie.cordier@gmail.com""}",zacharie.cordier@gmail.com,3096,Zacharie,Cordier
"{""contact_id"": 6162, ""name"": ""Riza Techer"", ""email"": ""riza.techer@yahoo.com""}",riza.techer@yahoo.com,6162,Riza,Techer
"{""contact_id"": 1433, ""name"": ""Enrique Guillen"", ""email"": ""enrique.guillen@hotmail.co.uk""}",enrique.guillen@hotmail.co.uk,1433,Enrique,Guillen
"{""contact_id"": 2720, ""name"": ""Tristan Weeks"", ""email"": ""tristan.weeks@pena.com""}",tristan.weeks@pena.com,2720,Tristan,Weeks
"{""contact_id"": 5251, ""name"": ""Natalie Lerma"", ""email"": ""natalie.lerma@boucher.com""}",natalie.lerma@boucher.com,5251,Natalie,Lerma
"{""contact_id"": 1797, ""name"": ""Rodney Hamon"", ""email"": ""rodney.hamon@hotmail.com""}",rodney.hamon@hotmail.com,1797,Rodney,Hamon
"{""contact_id"": 1656, ""name"": ""Adalberto Lombardo"", ""email"": ""adalberto.lombardo@sfr.fr""}",adalberto.lombardo@sfr.fr,1656,Adalberto,Lombardo
"{""contact_id"": 1346, ""name"": ""Florencia Querini"", ""email"": ""florencia.querini@gmail.com""}",florencia.querini@gmail.com,1346,Florencia,Querini
"{""contact_id"": 2989, ""name"": ""Liam Rolland"", ""email"": ""liam.rolland@yahoo.fr""}",liam.rolland@yahoo.fr,2989,Liam,Rolland
"{""contact_id"": 5629, ""name"": ""Ian Kelly"", ""email"": ""ian.kelly@reeves.com.au""}",ian.kelly@reeves.com.au,5629,Ian,Kelly
"{""contact_id"": 3456, ""name"": ""Mehdi Todd"", ""email"": ""mehdi.todd@web.de""}",mehdi.todd@web.de,3456,Mehdi,Todd
"{""contact_id"": 3229, ""name"": ""Rembrandt Liguori"", ""email"": ""rembrandt.liguori@davis.org""}",rembrandt.liguori@davis.org,3229,Rembrandt,Liguori
"{""contact_id"": 2277, ""name"": ""Irmi Schweitzer"", ""email"": ""irmi.schweitzer@ozuna.com""}",irmi.schweitzer@ozuna.com,2277,Irmi,Schweitzer
"{""contact_id"": 1276, ""name"": ""Gioffre Stein"", ""email"": ""gioffre.stein@hotmail.com.au""}",gioffre.stein@hotmail.com.au,1276,Gioffre,Stein
"{""contact_id"": 3694, ""name"": ""Frida Villarreal"", ""email"": ""frida.villarreal@hotmail.de""}",frida.villarreal@hotmail.de,3694,Frida,Villarreal
"{""contact_id"": 2260, ""name"": ""Steffen Mangold"", ""email"": ""steffen.mangold@paul.net""}",steffen.mangold@paul.net,2260,Steffen,Mangold
"{""contact_id"": 5374, ""name"": ""Elias Marin"", ""email"": ""elias.marin@herve.net""}",elias.marin@herve.net,5374,Elias,Marin
"{""contact_id"": 4420, ""name"": ""Roman Gonzalez"", ""email"": ""roman.gonzalez@anderson.net""}",roman.gonzalez@anderson.net,4420,Roman,Gonzalez
"{""contact_id"": 3849, ""name"": ""Reina Middleton"", ""email"": ""reina.middleton@hotmail.com""}",reina.middleton@hotmail.com,3849,Reina,Middleton
"{""contact_id"": 1638, ""name"": ""Sandro Moran"", ""email"": ""sandro.moran@hotmail.de""}",sandro.moran@hotmail.de,1638,Sandro,Moran
"{""contact_id"": 5230, ""name"": ""Gebhard Thanel"", ""email"": ""gebhard.thanel@gmail.com""}",gebhard.thanel@gmail.com,5230,Gebhard,Thanel
"{""contact_id"": 1763, ""name"": ""Antonino Bolander"", ""email"": ""antonino.bolander@gmail.com""}",antonino.bolander@gmail.com,1763,Antonino,Bolander
"{""contact_id"": 4323, ""name"": ""Karl Trevisani"", ""email"": ""karl.trevisani@anguissola.it""}",karl.trevisani@anguissola.it,4323,Karl,Trevisani
"{""contact_id"": 5256, ""name"": ""Silvester Brookes"", ""email"": ""silvester.brookes@franco.org""}",silvester.brookes@franco.org,5256,Silvester,Brookes
"{""contact_id"": 4836, ""name"": ""Octavio Pratt"", ""email"": ""octavio.pratt@web.de""}",octavio.pratt@web.de,4836,Octavio,Pratt
"{""contact_id"": 5981, ""name"": ""Rebecca Greer"", ""email"": ""rebecca.greer@hotmail.com""}",rebecca.greer@hotmail.com,5981,Rebecca,Greer
"{""contact_id"": 1463, ""name"": ""Pierina Gaggini"", ""email"": ""pierina.gaggini@free.fr""}",pierina.gaggini@free.fr,1463,Pierina,Gaggini
"{""contact_id"": 4577, ""name"": ""Robin Schleich"", ""email"": ""robin.schleich@rogers-barrera.biz""}",robin.schleich@rogers-barrera.biz,4577,Robin,Schleich
"{""contact_id"": 4951, ""name"": ""Sergio Abbott"", ""email"": ""sergio.abbott@moore.net.au""}",sergio.abbott@moore.net.au,4951,Sergio,Abbott
"{""contact_id"": 3567, ""name"": ""Gilberto Evans"", ""email"": ""gilberto.evans@salcedo-archuleta.net""}",gilberto.evans@salcedo-archuleta.net,3567,Gilberto,Evans
"{""contact_id"": 5475, ""name"": ""James Elliott"", ""email"": ""james.elliott@gmail.com""}",james.elliott@gmail.com,5475,James,Elliott
"{""contact_id"": 2114, ""name"": ""Timoteo Bolnbach"", ""email"": ""timoteo.bolnbach@laboratorios.com""}",timoteo.bolnbach@laboratorios.com,2114,Timoteo,Bolnbach
"{""contact_id"": 5216, ""name"": ""Tonino Stanley"", ""email"": ""tonino.stanley@hotmail.com""}",tonino.stanley@hotmail.com,5216,Tonino,Stanley
"{""contact_id"": 1665, ""name"": ""Margaretha Murialdo"", ""email"": ""margaretha.murialdo@meunier.com""}",margaretha.murialdo@meunier.com,1665,Margaretha,Murialdo
"{""contact_id"": 6051, ""name"": ""Bianca Drubin"", ""email"": ""bianca.drubin@libero.it""}",bianca.drubin@libero.it,6051,Bianca,Drubin
"{""contact_id"": 3983, ""name"": ""Kaylee Hoffmann"", ""email"": ""kaylee.hoffmann@poulain.com""}",kaylee.hoffmann@poulain.com,3983,Kaylee,Hoffmann
"{""contact_id"": 2966, ""name"": ""Teresa Vecellio"", ""email"": ""teresa.vecellio@yahoo.com""}",teresa.vecellio@yahoo.com,2966,Teresa,Vecellio
"{""contact_id"": 4478, ""name"": ""Emine Tacchini"", ""email"": ""emine.tacchini@dbmail.com""}",emine.tacchini@dbmail.com,4478,Emine,Tacchini
"{""contact_id"": 4238, ""name"": ""Dawn Cortez"", ""email"": ""dawn.cortez@gmail.com""}",dawn.cortez@gmail.com,4238,Dawn,Cortez
"{""contact_id"": 4404, ""name"": ""Emily Cundari"", ""email"": ""emily.cundari@clark.com.au""}",emily.cundari@clark.com.au,4404,Emily,Cundari
"{""contact_id"": 5666, ""name"": ""Eleanor Hall"", ""email"": ""eleanor.hall@hotmail.com""}",eleanor.hall@hotmail.com,5666,Eleanor,Hall
"{""contact_id"": 3691, ""name"": ""Monique Delgadillo"", ""email"": ""monique.delgadillo@hotmail.co.uk""}",monique.delgadillo@hotmail.co.uk,3691,Monique,Delgadillo
"{""contact_id"": 2703, ""name"": ""Arnaude Warner"", ""email"": ""arnaude.warner@gmail.com""}",arnaude.warner@gmail.com,2703,Arnaude,Warner
"{""contact_id"": 4253, ""name"": ""Jason Howell"", ""email"": ""jason.howell@gmx.de""}",jason.howell@gmx.de,4253,Jason,Howell
"{""contact_id"": 5652, ""name"": ""Nicole Mccullough"", ""email"": ""nicole.mccullough@hall.com""}",nicole.mccullough@hall.com,5652,Nicole,Mccullough
"{""contact_id"": 3279, ""name"": ""Rosmarie Esquibel"", ""email"": ""rosmarie.esquibel@bouygtel.fr""}",rosmarie.esquibel@bouygtel.fr,3279,Rosmarie,Esquibel
"{""contact_id"": 3233, ""name"": ""Leonor Ferreira"", ""email"": ""leonor.ferreira@gmail.com""}",leonor.ferreira@gmail.com,3233,Leonor,Ferreira
"{""contact_id"": 3017, ""name"": ""Brett Jones"", ""email"": ""brett.jones@alice.it""}",brett.jones@alice.it,3017,Brett,Jones
"{""contact_id"": 3482, ""name"": ""Nino Bien"", ""email"": ""nino.bien@gmail.com""}",nino.bien@gmail.com,3482,Nino,Bien
"{""contact_id"": 2166, ""name"": ""Jemma Tate"", ""email"": ""jemma.tate@hotmail.de""}",jemma.tate@hotmail.de,2166,Jemma,Tate
"{""contact_id"": 4146, ""name"": ""Denis Rogers"", ""email"": ""denis.rogers@poste.it""}",denis.rogers@poste.it,4146,Denis,Rogers
"{""contact_id"": 2651, ""name"": ""Vanesa Khan"", ""email"": ""vanesa.khan@voila.fr""}",vanesa.khan@voila.fr,2651,Vanesa,Khan
"{""contact_id"": 1409, ""name"": ""Victoria Ojeda"", ""email"": ""victoria.ojeda@doehn.com""}",victoria.ojeda@doehn.com,1409,Victoria,Ojeda
"{""contact_id"": 3717, ""name"": ""Eugenio Martin"", ""email"": ""eugenio.martin@yahoo.de""}",eugenio.martin@yahoo.de,3717,Eugenio,Martin
"{""contact_id"": 3963, ""name"": ""Nancy Hayes"", ""email"": ""nancy.hayes@hotmail.com""}",nancy.hayes@hotmail.com,3963,Nancy,Hayes
"{""contact_id"": 2152, ""name"": ""Lara Jacob"", ""email"": ""lara.jacob@buckley.org""}",lara.jacob@buckley.org,2152,Lara,Jacob
"{""contact_id"": 2974, ""name"": ""Gino Hernandez"", ""email"": ""gino.hernandez@covarrubias.com""}",gino.hernandez@covarrubias.com,2974,Gino,Hernandez
"{""contact_id"": 1268, ""name"": ""Vicente Tijerina"", ""email"": ""vicente.tijerina@montanariello.com""}",vicente.tijerina@montanariello.com,1268,Vicente,Tijerina
"{""contact_id"": 1822, ""name"": ""Michele Brambilla"", ""email"": ""michele.brambilla@yahoo.com""}",michele.brambilla@yahoo.com,1822,Michele,Brambilla
"{""contact_id"": 5066, ""name"": ""Dana Ritacca"", ""email"": ""dana.ritacca@gmail.com""}",dana.ritacca@gmail.com,5066,Dana,Ritacca
"{""contact_id"": 5075, ""name"": ""Mitchell Bachmann"", ""email"": ""mitchell.bachmann@suarez-cruz.com""}",mitchell.bachmann@suarez-cruz.com,5075,Mitchell,Bachmann
"{""contact_id"": 3855, ""name"": ""Vincenza Key"", ""email"": ""vincenza.key@adams.com""}",vincenza.key@adams.com,3855,Vincenza,Key
"{""contact_id"": 5923, ""name"": ""Salvador Gaillard"", ""email"": ""salvador.gaillard@yahoo.de""}",salvador.gaillard@yahoo.de,5923,Salvador,Gaillard
"{""contact_id"": 1867, ""name"": ""Diane Rogner"", ""email"": ""diane.rogner@kelly.co.uk""}",diane.rogner@kelly.co.uk,1867,Diane,Rogner
"{""contact_id"": 4376, ""name"": ""Josette Laine"", ""email"": ""josette.laine@saracino-parisi.net""}",josette.laine@saracino-parisi.net,4376,Josette,Laine
"{""contact_id"": 2785, ""name"": ""Courtney Fiebig"", ""email"": ""courtney.fiebig@doerschner.com""}",courtney.fiebig@doerschner.com,2785,Courtney,Fiebig
"{""contact_id"": 5884, ""name"": ""Hugues Oliver"", ""email"": ""hugues.oliver@stiffel.com""}",hugues.oliver@stiffel.com,5884,Hugues,Oliver
"{""contact_id"": 2441, ""name"": ""Espartaco Willis"", ""email"": ""espartaco.willis@hotmail.com""}",espartaco.willis@hotmail.com,2441,Espartaco,Willis
"{""contact_id"": 1243, ""name"": ""Flavia Yoder"", ""email"": ""flavia.yoder@hotmail.de""}",flavia.yoder@hotmail.de,1243,Flavia,Yoder
"{""contact_id"": 3411, ""name"": ""Casey Flores"", ""email"": ""casey.flores@baggio.org""}",casey.flores@baggio.org,3411,Casey,Flores
"{""contact_id"": 2467, ""name"": ""Calogero Cross"", ""email"": ""calogero.cross@mercantini.it""}",calogero.cross@mercantini.it,2467,Calogero,Cross
"{""contact_id"": 1850, ""name"": ""Charles Begum"", ""email"": ""charles.begum@laboratorios.info""}",charles.begum@laboratorios.info,1850,Charles,Begum
"{""contact_id"": 2604, ""name"": ""Adina Pollard"", ""email"": ""adina.pollard@outlook.com""}",adina.pollard@outlook.com,2604,Adina,Pollard
"{""contact_id"": 1693, ""name"": ""Natasha Lara"", ""email"": ""natasha.lara@outlook.com""}",natasha.lara@outlook.com,1693,Natasha,Lara
"{""contact_id"": 2969, ""name"": ""Benita Pottier"", ""email"": ""benita.pottier@sfr.fr""}",benita.pottier@sfr.fr,2969,Benita,Pottier
"{""contact_id"": 1544, ""name"": ""Elizabeth Valdivia"", ""email"": ""elizabeth.valdivia@gmail.com""}",elizabeth.valdivia@gmail.com,1544,Elizabeth,Valdivia
"{""contact_id"": 4149, ""name"": ""Mattia Huet"", ""email"": ""mattia.huet@aol.de""}",mattia.huet@aol.de,4149,Mattia,Huet
"{""contact_id"": 3463, ""name"": ""Geza Howard"", ""email"": ""geza.howard@voila.fr""}",geza.howard@voila.fr,3463,Geza,Howard
"{""contact_id"": 2939, ""name"": ""Lauren Guillaume"", ""email"": ""lauren.guillaume@sorgatz.org""}",lauren.guillaume@sorgatz.org,2939,Lauren,Guillaume
"{""contact_id"": 2202, ""name"": ""Joanna Baxter"", ""email"": ""joanna.baxter@bruce-wright.com""}",joanna.baxter@bruce-wright.com,2202,Joanna,Baxter
"{""contact_id"": 1728, ""name"": ""Tracy Metz"", ""email"": ""tracy.metz@bryant.info""}",tracy.metz@bryant.info,1728,Tracy,Metz
"{""contact_id"": 5362, ""name"": ""Birgit Pena"", ""email"": ""birgit.pena@armellini.it""}",birgit.pena@armellini.it,5362,Birgit,Pena
"{""contact_id"": 4840, ""name"": ""Elvira Papafava"", ""email"": ""elvira.papafava@ifrance.com""}",elvira.papafava@ifrance.com,4840,Elvira,Papafava
"{""contact_id"": 2955, ""name"": ""Ernest Delorme"", ""email"": ""ernest.delorme@dowerg.de""}",ernest.delorme@dowerg.de,2955,Ernest,Delorme
"{""contact_id"": 5354, ""name"": ""Christy Grossi"", ""email"": ""christy.grossi@alarcon-tafoya.com""}",christy.grossi@alarcon-tafoya.com,5354,Christy,Grossi
"{""contact_id"": 3847, ""name"": ""Hermelinda Olmos"", ""email"": ""hermelinda.olmos@portillo.com""}",hermelinda.olmos@portillo.com,3847,Hermelinda,Olmos
"{""contact_id"": 3025, ""name"": ""Herbert Fraser"", ""email"": ""herbert.fraser@holloway.org.au""}",herbert.fraser@holloway.org.au,3025,Herbert,Fraser
"{""contact_id"": 1615, ""name"": ""Giancarlo Heydrich"", ""email"": ""giancarlo.heydrich@hotmail.com""}",giancarlo.heydrich@hotmail.com,1615,Giancarlo,Heydrich
"{""contact_id"": 5154, ""name"": ""Constance Maldonado"", ""email"": ""constance.maldonado@spiess.net""}",constance.maldonado@spiess.net,5154,Constance,Maldonado
"{""contact_id"": 5005, ""name"": ""Giampiero Carlier"", ""email"": ""giampiero.carlier@hotmail.com""}",giampiero.carlier@hotmail.com,5005,Giampiero,Carlier
"{""contact_id"": 1349, ""name"": ""Carlo Jacquot"", ""email"": ""carlo.jacquot@hotmail.com""}",carlo.jacquot@hotmail.com,1349,Carlo,Jacquot
"{""contact_id"": 3670, ""name"": ""Gabriel Robles"", ""email"": ""gabriel.robles@yahoo.com""}",gabriel.robles@yahoo.com,3670,Gabriel,Robles
"{""contact_id"": 2912, ""name"": ""Gerd Gunpf"", ""email"": ""gerd.gunpf@gmail.com""}",gerd.gunpf@gmail.com,2912,Gerd,Gunpf
"{""contact_id"": 4336, ""name"": ""Ashley Hellwig"", ""email"": ""ashley.hellwig@libero.it""}",ashley.hellwig@libero.it,4336,Ashley,Hellwig
"{""contact_id"": 5576, ""name"": ""Patrick Rosas"", ""email"": ""patrick.rosas@yahoo.com""}",patrick.rosas@yahoo.com,5576,Patrick,Rosas
"{""contact_id"": 2736, ""name"": ""Lilla Leonard"", ""email"": ""lilla.leonard@jungfer.com""}",lilla.leonard@jungfer.com,2736,Lilla,Leonard
"{""contact_id"": 3321, ""name"": ""Tony Nicolas"", ""email"": ""tony.nicolas@morrocco-seddio.net""}",tony.nicolas@morrocco-seddio.net,3321,Tony,Nicolas
"{""contact_id"": 3353, ""name"": ""Allegra Benedetti"", ""email"": ""allegra.benedetti@miller.com""}",allegra.benedetti@miller.com,3353,Allegra,Benedetti
"{""contact_id"": 2336, ""name"": ""Camille Tafuri"", ""email"": ""camille.tafuri@aol.de""}",camille.tafuri@aol.de,2336,Camille,Tafuri
"{""contact_id"": 4369, ""name"": ""Juan Wheeler"", ""email"": ""juan.wheeler@gilmore.net""}",juan.wheeler@gilmore.net,4369,Juan,Wheeler
"{""contact_id"": 4464, ""name"": ""Leopoldo Johnson"", ""email"": ""leopoldo.johnson@hotmail.com.au""}",leopoldo.johnson@hotmail.com.au,4464,Leopoldo,Johnson
"{""contact_id"": 5626, ""name"": ""Dietmar Grenier"", ""email"": ""dietmar.grenier@tele2.it""}",dietmar.grenier@tele2.it,5626,Dietmar,Grenier
"{""contact_id"": 1669, ""name"": ""Leonid Scholl"", ""email"": ""leonid.scholl@collin.com""}",leonid.scholl@collin.com,1669,Leonid,Scholl
"{""contact_id"": 5544, ""name"": ""Olivie Contarini"", ""email"": ""olivie.contarini@marshall-wright.biz""}",olivie.contarini@marshall-wright.biz,5544,Olivie,Contarini
"{""contact_id"": 6078, ""name"": ""Jeffery Lacroix"", ""email"": ""jeffery.lacroix@medina.org""}",jeffery.lacroix@medina.org,6078,Jeffery,Lacroix
"{""contact_id"": 2580, ""name"": ""Edeltraud Chavez"", ""email"": ""edeltraud.chavez@hotmail.com.au""}",edeltraud.chavez@hotmail.com.au,2580,Edeltraud,Chavez
"{""contact_id"": 3592, ""name"": ""Mesut Morvan"", ""email"": ""mesut.morvan@gmail.com""}",mesut.morvan@gmail.com,3592,Mesut,Morvan
"{""contact_id"": 4914, ""name"": ""Gregory Jackson"", ""email"": ""gregory.jackson@ortiz.com""}",gregory.jackson@ortiz.com,4914,Gregory,Jackson
"{""contact_id"": 3848, ""name"": ""Nicola Rossi"", ""email"": ""nicola.rossi@berry.org""}",nicola.rossi@berry.org,3848,Nicola,Rossi
"{""contact_id"": 2619, ""name"": ""Eddie Collazo"", ""email"": ""eddie.collazo@gmail.com""}",eddie.collazo@gmail.com,2619,Eddie,Collazo
"{""contact_id"": 4605, ""name"": ""Philippe Gardner"", ""email"": ""philippe.gardner@howells-jones.net""}",philippe.gardner@howells-jones.net,4605,Philippe,Gardner
"{""contact_id"": 6147, ""name"": ""Roy Fox"", ""email"": ""roy.fox@tejeda.com""}",roy.fox@tejeda.com,6147,Roy,Fox
"{""contact_id"": 1383, ""name"": ""Heiderose Garcia"", ""email"": ""heiderose.garcia@noos.fr""}",heiderose.garcia@noos.fr,1383,Heiderose,Garcia
"{""contact_id"": 1757, ""name"": ""Claudine Rowley"", ""email"": ""claudine.rowley@industrias.com""}",claudine.rowley@industrias.com,1757,Claudine,Rowley
"{""contact_id"": 4390, ""name"": ""Astrid Roht"", ""email"": ""astrid.roht@fastwebnet.it""}",astrid.roht@fastwebnet.it,4390,Astrid,Roht
"{""contact_id"": 4165, ""name"": ""Auguste Burnett"", ""email"": ""auguste.burnett@yahoo.fr""}",auguste.burnett@yahoo.fr,4165,Auguste,Burnett
"{""contact_id"": 4529, ""name"": ""Pellegrino Allen"", ""email"": ""pellegrino.allen@gmail.com""}",pellegrino.allen@gmail.com,4529,Pellegrino,Allen
"{""contact_id"": 6084, ""name"": ""Angela Bowers"", ""email"": ""angela.bowers@laboratorios.com""}",angela.bowers@laboratorios.com,6084,Angela,Bowers
"{""contact_id"": 2916, ""name"": ""Michael Descamps"", ""email"": ""michael.descamps@gmail.com""}",michael.descamps@gmail.com,2916,Michael,Descamps
"{""contact_id"": 2005, ""name"": ""Heidelore Kennedy"", ""email"": ""heidelore.kennedy@guinizzelli.org""}",heidelore.kennedy@guinizzelli.org,2005,Heidelore,Kennedy
"{""contact_id"": 2261, ""name"": ""Lucrezia Koch"", ""email"": ""lucrezia.koch@petit.com""}",lucrezia.koch@petit.com,2261,Lucrezia,Koch
"{""contact_id"": 5342, ""name"": ""Ivan Accardo"", ""email"": ""ivan.accardo@web.de""}",ivan.accardo@web.de,5342,Ivan,Accardo
"{""contact_id"": 4087, ""name"": ""Karen Avogadro"", ""email"": ""karen.avogadro@yahoo.com""}",karen.avogadro@yahoo.com,4087,Karen,Avogadro
"{""contact_id"": 2761, ""name"": ""Laetitia Gallet"", ""email"": ""laetitia.gallet@aubry.org""}",laetitia.gallet@aubry.org,2761,Laetitia,Gallet
"{""contact_id"": 2908, ""name"": ""Amico Gosselin"", ""email"": ""amico.gosselin@shaw.info""}",amico.gosselin@shaw.info,2908,Amico,Gosselin
"{""contact_id"": 2155, ""name"": ""Ilaria Bowen"", ""email"": ""ilaria.bowen@hotmail.it""}",ilaria.bowen@hotmail.it,2155,Ilaria,Bowen
"{""contact_id"": 5642, ""name"": ""Marlen Coardi"", ""email"": ""marlen.coardi@colletti.eu""}",marlen.coardi@colletti.eu,5642,Marlen,Coardi
"{""contact_id"": 6217, ""name"": ""Rafael Alexander"", ""email"": ""rafael.alexander@jenkins.com""}",rafael.alexander@jenkins.com,6217,Rafael,Alexander
"{""contact_id"": 4222, ""name"": ""Herma Gabbana"", ""email"": ""herma.gabbana@hotmail.com""}",herma.gabbana@hotmail.com,4222,Herma,Gabbana
"{""contact_id"": 4798, ""name"": ""Zachary Vespucci"", ""email"": ""zachary.vespucci@industrias.com""}",zachary.vespucci@industrias.com,4798,Zachary,Vespucci
"{""contact_id"": 5660, ""name"": ""Marisol Richard"", ""email"": ""marisol.richard@gmail.com""}",marisol.richard@gmail.com,5660,Marisol,Richard
"{""contact_id"": 5000, ""name"": ""Joseph Glover"", ""email"": ""joseph.glover@laposte.net""}",joseph.glover@laposte.net,5000,Joseph,Glover
"{""contact_id"": 2809, ""name"": ""Lauretta Neal"", ""email"": ""lauretta.neal@hotmail.de""}",lauretta.neal@hotmail.de,2809,Lauretta,Neal
"{""contact_id"": 3349, ""name"": ""Simone Sauvage"", ""email"": ""simone.sauvage@yahoo.com""}",simone.sauvage@yahoo.com,3349,Simone,Sauvage
"{""contact_id"": 3647, ""name"": ""Ramona Brooks"", ""email"": ""ramona.brooks@kensy.de""}",ramona.brooks@kensy.de,3647,Ramona,Brooks
"{""contact_id"": 5745, ""name"": ""Gioele Schwital"", ""email"": ""gioele.schwital@moody.com""}",gioele.schwital@moody.com,5745,Gioele,Schwital
"{""contact_id"": 2583, ""name"": ""Elena Jimenez"", ""email"": ""elena.jimenez@yahoo.com.au""}",elena.jimenez@yahoo.com.au,2583,Elena,Jimenez
"{""contact_id"": 5441, ""name"": ""Pam Vargas"", ""email"": ""pam.vargas@guillot.net""}",pam.vargas@guillot.net,5441,Pam,Vargas
"{""contact_id"": 2090, ""name"": ""Alison Morales"", ""email"": ""alison.morales@lewis.com""}",alison.morales@lewis.com,2090,Alison,Morales
"{""contact_id"": 3386, ""name"": ""Marc Aumann"", ""email"": ""marc.aumann@holland.com""}",marc.aumann@holland.com,3386,Marc,Aumann
"{""contact_id"": 1816, ""name"": ""Carla Butler"", ""email"": ""carla.butler@yahoo.com""}",carla.butler@yahoo.com,1816,Carla,Butler
"{""contact_id"": 4718, ""name"": ""Dionigi Bruce"", ""email"": ""dionigi.bruce@industrias.com""}",dionigi.bruce@industrias.com,4718,Dionigi,Bruce
"{""contact_id"": 1677, ""name"": ""Frank Henry"", ""email"": ""frank.henry@yahoo.com""}",frank.henry@yahoo.com,1677,Frank,Henry
"{""contact_id"": 4218, ""name"": ""Brent Pons"", ""email"": ""brent.pons@proyectos.net""}",brent.pons@proyectos.net,4218,Brent,Pons
"{""contact_id"": 4548, ""name"": ""Patricia Liebelt"", ""email"": ""patricia.liebelt@baca.org""}",patricia.liebelt@baca.org,4548,Patricia,Liebelt
"{""contact_id"": 1431, ""name"": ""Micheletto Sykes"", ""email"": ""micheletto.sykes@thompson-thompson.com""}",micheletto.sykes@thompson-thompson.com,1431,Micheletto,Sykes
"{""contact_id"": 2830, ""name"": ""Rose Blanc"", ""email"": ""rose.blanc@grupo.com""}",rose.blanc@grupo.com,2830,Rose,Blanc
"{""contact_id"": 4400, ""name"": ""Vincent Singh"", ""email"": ""vincent.singh@gmail.com""}",vincent.singh@gmail.com,4400,Vincent,Singh
"{""contact_id"": 5773, ""name"": ""Jamie Peacock"", ""email"": ""jamie.peacock@interiano-nordio.com""}",jamie.peacock@interiano-nordio.com,5773,Jamie,Peacock
"{""contact_id"": 4161, ""name"": ""Giorgia Dijoux"", ""email"": ""giorgia.dijoux@paul.com""}",giorgia.dijoux@paul.com,4161,Giorgia,Dijoux
"{""contact_id"": 2062, ""name"": ""Serena Piacentini"", ""email"": ""serena.piacentini@yahoo.de""}",serena.piacentini@yahoo.de,2062,Serena,Piacentini
"{""contact_id"": 3458, ""name"": ""Dimitri Posada"", ""email"": ""dimitri.posada@gmail.com""}",dimitri.posada@gmail.com,3458,Dimitri,Posada
"{""contact_id"": 3174, ""name"": ""Alexa Barillaro"", ""email"": ""alexa.barillaro@ramos.net""}",alexa.barillaro@ramos.net,3174,Alexa,Barillaro
"{""contact_id"": 5565, ""name"": ""Megan Kuhl"", ""email"": ""megan.kuhl@despacho.com""}",megan.kuhl@despacho.com,5565,Megan,Kuhl
"{""contact_id"": 1906, ""name"": ""Kaitlyn Farinelli"", ""email"": ""kaitlyn.farinelli@outlook.com""}",kaitlyn.farinelli@outlook.com,1906,Kaitlyn,Farinelli
"{""contact_id"": 5479, ""name"": ""Jonathan Castellitto"", ""email"": ""jonathan.castellitto@libero.it""}",jonathan.castellitto@libero.it,5479,Jonathan,Castellitto
"{""contact_id"": 4320, ""name"": ""Lisa Terragni"", ""email"": ""lisa.terragni@proyectos.com""}",lisa.terragni@proyectos.com,4320,Lisa,Terragni
"{""contact_id"": 4213, ""name"": ""Olivier Petrucelli"", ""email"": ""olivier.petrucelli@letta-raurica.eu""}",olivier.petrucelli@letta-raurica.eu,4213,Olivier,Petrucelli
"{""contact_id"": 3373, ""name"": ""Jos Trobbiani"", ""email"": ""jos.trobbiani@samson.com""}",jos.trobbiani@samson.com,3373,Jos,Trobbiani
"{""contact_id"": 4184, ""name"": ""Mirjam Dawson"", ""email"": ""mirjam.dawson@yahoo.com""}",mirjam.dawson@yahoo.com,4184,Mirjam,Dawson
"{""contact_id"": 5472, ""name"": ""Javier Tessier"", ""email"": ""javier.tessier@mclaughlin.biz""}",javier.tessier@mclaughlin.biz,5472,Javier,Tessier
"{""contact_id"": 5559, ""name"": ""Mirjana Collins"", ""email"": ""mirjana.collins@hotmail.com""}",mirjana.collins@hotmail.com,5559,Mirjana,Collins
"{""contact_id"": 5419, ""name"": ""Vanessa Tschentscher"", ""email"": ""vanessa.tschentscher@mitchell.com""}",vanessa.tschentscher@mitchell.com,5419,Vanessa,Tschentscher
"{""contact_id"": 4171, ""name"": ""Antonina Cobb"", ""email"": ""antonina.cobb@gibson.org""}",antonina.cobb@gibson.org,4171,Antonina,Cobb
"{""contact_id"": 1302, ""name"": ""Bernard Durand"", ""email"": ""bernard.durand@royer.com""}",bernard.durand@royer.com,1302,Bernard,Durand
"{""contact_id"": 3520, ""name"": ""Corey Greggio"", ""email"": ""corey.greggio@johnson.org.au""}",corey.greggio@johnson.org.au,3520,Corey,Greggio
"{""contact_id"": 6010, ""name"": ""Rodolfo Couturier"", ""email"": ""rodolfo.couturier@tim.it""}",rodolfo.couturier@tim.it,6010,Rodolfo,Couturier
"{""contact_id"": 4617, ""name"": ""Pierre Cardenas"", ""email"": ""pierre.cardenas@luzi-bonomo.eu""}",pierre.cardenas@luzi-bonomo.eu,4617,Pierre,Cardenas
"{""contact_id"": 1417, ""name"": ""Romeo Surian"", ""email"": ""romeo.surian@batista.com""}",romeo.surian@batista.com,1417,Romeo,Surian
"{""contact_id"": 4770, ""name"": ""Ivo Moreno"", ""email"": ""ivo.moreno@hotmail.com""}",ivo.moreno@hotmail.com,4770,Ivo,Moreno
"{""contact_id"": 4328, ""name"": ""Federico Marie"", ""email"": ""federico.marie@jourdan.fr""}",federico.marie@jourdan.fr,4328,Federico,Marie
"{""contact_id"": 5171, ""name"": ""Maggie Boito"", ""email"": ""maggie.boito@yahoo.com""}",maggie.boito@yahoo.com,5171,Maggie,Boito
"{""contact_id"": 4394, ""name"": ""Brianna Hanson"", ""email"": ""brianna.hanson@stanley.com""}",brianna.hanson@stanley.com,4394,Brianna,Hanson
"{""contact_id"": 1794, ""name"": ""Heiko Bourgeois"", ""email"": ""heiko.bourgeois@togliatti.com""}",heiko.bourgeois@togliatti.com,1794,Heiko,Bourgeois
"{""contact_id"": 3510, ""name"": ""Benito Gritti"", ""email"": ""benito.gritti@gmail.com""}",benito.gritti@gmail.com,3510,Benito,Gritti
"{""contact_id"": 2487, ""name"": ""Mitzy Junk"", ""email"": ""mitzy.junk@zaragoza.com""}",mitzy.junk@zaragoza.com,2487,Mitzy,Junk
"{""contact_id"": 2215, ""name"": ""Samantha Lowe"", ""email"": ""samantha.lowe@praga.it""}",samantha.lowe@praga.it,2215,Samantha,Lowe
"{""contact_id"": 4136, ""name"": ""Ernesto Nerger"", ""email"": ""ernesto.nerger@middleton.co.uk""}",ernesto.nerger@middleton.co.uk,4136,Ernesto,Nerger
"{""contact_id"": 3723, ""name"": ""Melinda Canova"", ""email"": ""melinda.canova@orange.fr""}",melinda.canova@orange.fr,3723,Melinda,Canova
"{""contact_id"": 5842, ""name"": ""Mohammad Hartung"", ""email"": ""mohammad.hartung@hotmail.com""}",mohammad.hartung@hotmail.com,5842,Mohammad,Hartung
"{""contact_id"": 3289, ""name"": ""Ben Maillot"", ""email"": ""ben.maillot@ramos.net""}",ben.maillot@ramos.net,3289,Ben,Maillot
"{""contact_id"": 1249, ""name"": ""Isabel Pruschke"", ""email"": ""isabel.pruschke@gmail.com""}",isabel.pruschke@gmail.com,1249,Isabel,Pruschke
"{""contact_id"": 5409, ""name"": ""Linda Franceschi"", ""email"": ""linda.franceschi@richards.net""}",linda.franceschi@richards.net,5409,Linda,Franceschi
"{""contact_id"": 2951, ""name"": ""Olivia Striebitz"", ""email"": ""olivia.striebitz@gmail.com""}",olivia.striebitz@gmail.com,2951,Olivia,Striebitz
"{""contact_id"": 3432, ""name"": ""Penny Watson"", ""email"": ""penny.watson@matthews.net""}",penny.watson@matthews.net,3432,Penny,Watson
"{""contact_id"": 2297, ""name"": ""Manfred James"", ""email"": ""manfred.james@davies.org""}",manfred.james@davies.org,2297,Manfred,James
"{""contact_id"": 6161, ""name"": ""Hazel Pierce"", ""email"": ""hazel.pierce@outlook.com""}",hazel.pierce@outlook.com,6161,Hazel,Pierce
"{""contact_id"": 4603, ""name"": ""Alf Bates"", ""email"": ""alf.bates@dunn.com""}",alf.bates@dunn.com,4603,Alf,Bates
"{""contact_id"": 5818, ""name"": ""Scott Gough"", ""email"": ""scott.gough@industrias.com""}",scott.gough@industrias.com,5818,Scott,Gough
"{""contact_id"": 4270, ""name"": ""Konrad Briones"", ""email"": ""konrad.briones@fierro.com""}",konrad.briones@fierro.com,4270,Konrad,Briones
"{""contact_id"": 6007, ""name"": ""Mathilde Kruschwitz"", ""email"": ""mathilde.kruschwitz@yahoo.com""}",mathilde.kruschwitz@yahoo.com,6007,Mathilde,Kruschwitz
"{""contact_id"": 4084, ""name"": ""Irma Gemito"", ""email"": ""irma.gemito@googlemail.com""}",irma.gemito@googlemail.com,4084,Irma,Gemito
"{""contact_id"": 1340, ""name"": ""Antoine Guyon"", ""email"": ""antoine.guyon@yahoo.com""}",antoine.guyon@yahoo.com,1340,Antoine,Guyon
"{""contact_id"": 5675, ""name"": ""William Gibilisco"", ""email"": ""william.gibilisco@gaillard.com""}",william.gibilisco@gaillard.com,5675,William,Gibilisco
"{""contact_id"": 2010, ""name"": ""Judith Butte"", ""email"": ""judith.butte@fischer-vaughn.info""}",judith.butte@fischer-vaughn.info,2010,Judith,Butte
"{""contact_id"": 6201, ""name"": ""Joanne Henderson"", ""email"": ""joanne.henderson@gmail.com""}",joanne.henderson@gmail.com,6201,Joanne,Henderson
"{""contact_id"": 1791, ""name"": ""Ludovica Arellano"", ""email"": ""ludovica.arellano@morandi-argento.com""}",ludovica.arellano@morandi-argento.com,1791,Ludovica,Arellano
"{""contact_id"": 3314, ""name"": ""Catherine Gray"", ""email"": ""catherine.gray@hotmail.com""}",catherine.gray@hotmail.com,3314,Catherine,Gray
"{""contact_id"": 5852, ""name"": ""Franco Fioravanti"", ""email"": ""franco.fioravanti@barry-gill.com.au""}",franco.fioravanti@barry-gill.com.au,5852,Franco,Fioravanti
"{""contact_id"": 4618, ""name"": ""Heather Zimmer"", ""email"": ""heather.zimmer@bluemel.de""}",heather.zimmer@bluemel.de,4618,Heather,Zimmer
"{""contact_id"": 2618, ""name"": ""Hortense Taylor"", ""email"": ""hortense.taylor@chambers.biz""}",hortense.taylor@chambers.biz,2618,Hortense,Taylor
"{""contact_id"": 4967, ""name"": ""Livia Ernst"", ""email"": ""livia.ernst@colas.fr""}",livia.ernst@colas.fr,4967,Livia,Ernst
"{""contact_id"": 4594, ""name"": ""Toby Etzler"", ""email"": ""toby.etzler@industrias.com""}",toby.etzler@industrias.com,4594,Toby,Etzler
"{""contact_id"": 2080, ""name"": ""Ennio Leoncavallo"", ""email"": ""ennio.leoncavallo@sanchez.org""}",ennio.leoncavallo@sanchez.org,2080,Ennio,Leoncavallo
"{""contact_id"": 2793, ""name"": ""Philippine Vaca"", ""email"": ""philippine.vaca@hotmail.com""}",philippine.vaca@hotmail.com,2793,Philippine,Vaca
"{""contact_id"": 4890, ""name"": ""Rhonda Phillips"", ""email"": ""rhonda.phillips@yahoo.com""}",rhonda.phillips@yahoo.com,4890,Rhonda,Phillips
"{""contact_id"": 3528, ""name"": ""Alphonse Nitto"", ""email"": ""alphonse.nitto@voila.fr""}",alphonse.nitto@voila.fr,3528,Alphonse,Nitto
"{""contact_id"": 5810, ""name"": ""Karina Arreola"", ""email"": ""karina.arreola@yahoo.com.au""}",karina.arreola@yahoo.com.au,5810,Karina,Arreola
"{""contact_id"": 5720, ""name"": ""Denise Wood"", ""email"": ""denise.wood@mantegna.com""}",denise.wood@mantegna.com,5720,Denise,Wood
"{""contact_id"": 4593, ""name"": ""Burghard Rosenow"", ""email"": ""burghard.rosenow@hotmail.com""}",burghard.rosenow@hotmail.com,4593,Burghard,Rosenow
"{""contact_id"": 3186, ""name"": ""Friedl Powell"", ""email"": ""friedl.powell@laposte.net""}",friedl.powell@laposte.net,3186,Friedl,Powell
"{""contact_id"": 5136, ""name"": ""Benjamin Schultz"", ""email"": ""benjamin.schultz@rivero-davila.com""}",benjamin.schultz@rivero-davila.com,5136,Benjamin,Schultz
"{""contact_id"": 2646, ""name"": ""Rachel Ulibarri"", ""email"": ""rachel.ulibarri@schueler.com""}",rachel.ulibarri@schueler.com,2646,Rachel,Ulibarri
"{""contact_id"": 3460, ""name"": ""Silvano Blanchet"", ""email"": ""silvano.blanchet@yahoo.com""}",silvano.blanchet@yahoo.com,3460,Silvano,Blanchet
"{""contact_id"": 4345, ""name"": ""Kurt Sauer"", ""email"": ""kurt.sauer@almanza.biz""}",kurt.sauer@almanza.biz,4345,Kurt,Sauer
"{""contact_id"": 2690, ""name"": ""Nayeli Gehringer"", ""email"": ""nayeli.gehringer@hotmail.com""}",nayeli.gehringer@hotmail.com,2690,Nayeli,Gehringer
"{""contact_id"": 4025, ""name"": ""Imelda Guerin"", ""email"": ""imelda.guerin@stumpf.net""}",imelda.guerin@stumpf.net,4025,Imelda,Guerin
"{""contact_id"": 4524, ""name"": ""Zbigniew Holmes"", ""email"": ""zbigniew.holmes@stiffel.net""}",zbigniew.holmes@stiffel.net,4524,Zbigniew,Holmes
"{""contact_id"": 3978, ""name"": ""Adela Alfonsi"", ""email"": ""adela.alfonsi@despacho.com""}",adela.alfonsi@despacho.com,3978,Adela,Alfonsi
"{""contact_id"": 3910, ""name"": ""Hilary Clark"", ""email"": ""hilary.clark@libero.it""}",hilary.clark@libero.it,3910,Hilary,Clark
"{""contact_id"": 5825, ""name"": ""Kornelius Molina"", ""email"": ""kornelius.molina@heuser.com""}",kornelius.molina@heuser.com,5825,Kornelius,Molina
"{""contact_id"": 3564, ""name"": ""Christian Anderson"", ""email"": ""christian.anderson@tim.it""}",christian.anderson@tim.it,3564,Christian,Anderson
"{""contact_id"": 2396, ""name"": ""Francisco Dorsey"", ""email"": ""francisco.dorsey@tiscali.fr""}",francisco.dorsey@tiscali.fr,2396,Francisco,Dorsey
"{""contact_id"": 2140, ""name"": ""Walli Albert"", ""email"": ""walli.albert@dussen.com""}",walli.albert@dussen.com,2140,Walli,Albert
"{""contact_id"": 3079, ""name"": ""Siegrun Mota"", ""email"": ""siegrun.mota@matthews-montoya.org.au""}",siegrun.mota@matthews-montoya.org.au,3079,Siegrun,Mota
"{""contact_id"": 2017, ""name"": ""Alberico Herve"", ""email"": ""alberico.herve@beer.net""}",alberico.herve@beer.net,2017,Alberico,Herve
"{""contact_id"": 5444, ""name"": ""Serafina Bonnin"", ""email"": ""serafina.bonnin@mendes.com""}",serafina.bonnin@mendes.com,5444,Serafina,Bonnin
"{""contact_id"": 2216, ""name"": ""Marcelle Bender"", ""email"": ""marcelle.bender@edwards-robinson.info""}",marcelle.bender@edwards-robinson.info,2216,Marcelle,Bender
"{""contact_id"": 1241, ""name"": ""Hartmuth Robertson"", ""email"": ""hartmuth.robertson@thomas.edu.au""}",hartmuth.robertson@thomas.edu.au,1241,Hartmuth,Robertson
"{""contact_id"": 1484, ""name"": ""Herlinde George"", ""email"": ""herlinde.george@free.fr""}",herlinde.george@free.fr,1484,Herlinde,George
"{""contact_id"": 3475, ""name"": ""Pamela Payne"", ""email"": ""pamela.payne@yahoo.com""}",pamela.payne@yahoo.com,3475,Pamela,Payne
"{""contact_id"": 4333, ""name"": ""Gastone Beyer"", ""email"": ""gastone.beyer@stewart-sanchez.edu""}",gastone.beyer@stewart-sanchez.edu,4333,Gastone,Beyer
"{""contact_id"": 5657, ""name"": ""Lydia Berengario"", ""email"": ""lydia.berengario@aol.de""}",lydia.berengario@aol.de,5657,Lydia,Berengario
"{""contact_id"": 2527, ""name"": ""Lucy Davidson"", ""email"": ""lucy.davidson@tele2.it""}",lucy.davidson@tele2.it,2527,Lucy,Davidson
"{""contact_id"": 5967, ""name"": ""Franck Wade"", ""email"": ""franck.wade@gute.org""}",franck.wade@gute.org,5967,Franck,Wade
"{""contact_id"": 5698, ""name"": ""Heidi Barker"", ""email"": ""heidi.barker@gmail.com""}",heidi.barker@gmail.com,5698,Heidi,Barker
"{""contact_id"": 3331, ""name"": ""Arnaldo Ocasio"", ""email"": ""arnaldo.ocasio@hotmail.com""}",arnaldo.ocasio@hotmail.com,3331,Arnaldo,Ocasio
"{""contact_id"": 3841, ""name"": ""Francis Bernier"", ""email"": ""francis.bernier@rodriguez.com""}",francis.bernier@rodriguez.com,3841,Francis,Bernier
"{""contact_id"": 6105, ""name"": ""Johanne Strong"", ""email"": ""johanne.strong@yahoo.de""}",johanne.strong@yahoo.de,6105,Johanne,Strong
"{""contact_id"": 3895, ""name"": ""Debra Langlois"", ""email"": ""debra.langlois@schmiedecke.com""}",debra.langlois@schmiedecke.com,3895,Debra,Langlois
"{""contact_id"": 1891, ""name"": ""Reingard Kambs"", ""email"": ""reingard.kambs@sagese.eu""}",reingard.kambs@sagese.eu,1891,Reingard,Kambs
"{""contact_id"": 1281, ""name"": ""Mauro Ortiz"", ""email"": ""mauro.ortiz@oquendo.net""}",mauro.ortiz@oquendo.net,1281,Mauro,Ortiz
"{""contact_id"": 4186, ""name"": ""Griselda Carranza"", ""email"": ""griselda.carranza@krause.de""}",griselda.carranza@krause.de,4186,Griselda,Carranza
"{""contact_id"": 2511, ""name"": ""Janet Madrigal"", ""email"": ""janet.madrigal@gmail.com""}",janet.madrigal@gmail.com,2511,Janet,Madrigal
"{""contact_id"": 4272, ""name"": ""Jenna Day"", ""email"": ""jenna.day@reed.com""}",jenna.day@reed.com,4272,Jenna,Day
"{""contact_id"": 3533, ""name"": ""Modesto Wright"", ""email"": ""modesto.wright@pareto.com""}",modesto.wright@pareto.com,3533,Modesto,Wright
"{""contact_id"": 3618, ""name"": ""Alice Wall"", ""email"": ""alice.wall@zaccardo.it""}",alice.wall@zaccardo.it,3618,Alice,Wall
"{""contact_id"": 2177, ""name"": ""Brenda Sontag"", ""email"": ""brenda.sontag@solari.com""}",brenda.sontag@solari.com,2177,Brenda,Sontag
"{""contact_id"": 4102, ""name"": ""Sergius Mace"", ""email"": ""sergius.mace@palazzo.com""}",sergius.mace@palazzo.com,4102,Sergius,Mace
"{""contact_id"": 6089, ""name"": ""Antonia Kline"", ""email"": ""antonia.kline@gmail.com""}",antonia.kline@gmail.com,6089,Antonia,Kline
"{""contact_id"": 4701, ""name"": ""Maurice Gumprich"", ""email"": ""maurice.gumprich@griffin.net.au""}",maurice.gumprich@griffin.net.au,4701,Maurice,Gumprich
"{""contact_id"": 5645, ""name"": ""Daniel Anders"", ""email"": ""daniel.anders@yahoo.com""}",daniel.anders@yahoo.com,5645,Daniel,Anders
"{""contact_id"": 4499, ""name"": ""Zaira Cattaneo"", ""email"": ""zaira.cattaneo@yahoo.com""}",zaira.cattaneo@yahoo.com,4499,Zaira,Cattaneo
"{""contact_id"": 3365, ""name"": ""Alessio Bruneau"", ""email"": ""alessio.bruneau@hotmail.co.uk""}",alessio.bruneau@hotmail.co.uk,3365,Alessio,Bruneau
"{""contact_id"": 2290, ""name"": ""Gerdi Guerrero"", ""email"": ""gerdi.guerrero@tele2.fr""}",gerdi.guerrero@tele2.fr,2290,Gerdi,Guerrero
"{""contact_id"": 1890, ""name"": ""Brigitte Stiebitz"", ""email"": ""brigitte.stiebitz@gmail.com""}",brigitte.stiebitz@gmail.com,1890,Brigitte,Stiebitz
"{""contact_id"": 1304, ""name"": ""June Sinisi"", ""email"": ""june.sinisi@manzoni-giannini.it""}",june.sinisi@manzoni-giannini.it,1304,June,Sinisi
"{""contact_id"": 3799, ""name"": ""Carl Macias"", ""email"": ""carl.macias@yahoo.com""}",carl.macias@yahoo.com,3799,Carl,Macias
"{""contact_id"": 2749, ""name"": ""Veronica Trapp"", ""email"": ""veronica.trapp@tiscali.it""}",veronica.trapp@tiscali.it,2749,Veronica,Trapp
"{""contact_id"": 2028, ""name"": ""Frances Garnier"", ""email"": ""frances.garnier@aporti-guidotti.org""}",frances.garnier@aporti-guidotti.org,2028,Frances,Garnier
"{""contact_id"": 2383, ""name"": ""Terri Iannelli"", ""email"": ""terri.iannelli@hotmail.com""}",terri.iannelli@hotmail.com,2383,Terri,Iannelli
"{""contact_id"": 5721, ""name"": ""Odette Moore"", ""email"": ""odette.moore@hall.edu""}",odette.moore@hall.edu,5721,Odette,Moore
"{""contact_id"": 1394, ""name"": ""Mercedes Trujillo"", ""email"": ""mercedes.trujillo@aol.de""}",mercedes.trujillo@aol.de,1394,Mercedes,Trujillo
"{""contact_id"": 3451, ""name"": ""Babette Dumas"", ""email"": ""babette.dumas@brady.net""}",babette.dumas@brady.net,3451,Babette,Dumas
"{""contact_id"": 5512, ""name"": ""Jerry Santiago"", ""email"": ""jerry.santiago@soprano-ferragni.it""}",jerry.santiago@soprano-ferragni.it,5512,Jerry,Santiago
"{""contact_id"": 2453, ""name"": ""Ronald Simpson"", ""email"": ""ronald.simpson@ovadia.net""}",ronald.simpson@ovadia.net,2453,Ronald,Simpson
"{""contact_id"": 6055, ""name"": ""Emmanuel Dominguez"", ""email"": ""emmanuel.dominguez@gmail.com""}",emmanuel.dominguez@gmail.com,6055,Emmanuel,Dominguez
"{""contact_id"": 5704, ""name"": ""Christiane Ricciardi"", ""email"": ""christiane.ricciardi@zavala.com""}",christiane.ricciardi@zavala.com,5704,Christiane,Ricciardi
"{""contact_id"": 3707, ""name"": ""Ingolf Zamora"", ""email"": ""ingolf.zamora@yahoo.com.au""}",ingolf.zamora@yahoo.com.au,3707,Ingolf,Zamora
"{""contact_id"": 2205, ""name"": ""Rita Sharp"", ""email"": ""rita.sharp@beard-scott.edu.au""}",rita.sharp@beard-scott.edu.au,2205,Rita,Sharp
"{""contact_id"": 5976, ""name"": ""Geraldine Cabrera"", ""email"": ""geraldine.cabrera@green-smith.info""}",geraldine.cabrera@green-smith.info,5976,Geraldine,Cabrera
"{""contact_id"": 3290, ""name"": ""Chantal Armas"", ""email"": ""chantal.armas@jenkins.net""}",chantal.armas@jenkins.net,3290,Chantal,Armas
"{""contact_id"": 4257, ""name"": ""Louis Gilbert"", ""email"": ""louis.gilbert@gmail.com""}",louis.gilbert@gmail.com,4257,Louis,Gilbert
"{""contact_id"": 4588, ""name"": ""Michelle Collier"", ""email"": ""michelle.collier@peruzzi.it""}",michelle.collier@peruzzi.it,4588,Michelle,Collier
"{""contact_id"": 4785, ""name"": ""Guillermina Nicholson"", ""email"": ""guillermina.nicholson@grondin.fr""}",guillermina.nicholson@grondin.fr,4785,Guillermina,Nicholson
"{""contact_id"": 3033, ""name"": ""Bertrand Hopkins"", ""email"": ""bertrand.hopkins@gmail.com""}",bertrand.hopkins@gmail.com,3033,Bertrand,Hopkins
"{""contact_id"": 2779, ""name"": ""Alonso Palomo"", ""email"": ""alonso.palomo@gehringer.de""}",alonso.palomo@gehringer.de,2779,Alonso,Palomo
"{""contact_id"": 2131, ""name"": ""Tina Rodriguez"", ""email"": ""tina.rodriguez@web.de""}",tina.rodriguez@web.de,2131,Tina,Rodriguez
"{""contact_id"": 6229, ""name"": ""Eva Francis"", ""email"": ""eva.francis@parker.org""}",eva.francis@parker.org,6229,Eva,Francis
"{""contact_id"": 3429, ""name"": ""Ottavio Rust"", ""email"": ""ottavio.rust@crespi.com""}",ottavio.rust@crespi.com,3429,Ottavio,Rust
"{""contact_id"": 1613, ""name"": ""Amelia Olvera"", ""email"": ""amelia.olvera@hotmail.com""}",amelia.olvera@hotmail.com,1613,Amelia,Olvera
"{""contact_id"": 4734, ""name"": ""Paul Palladio"", ""email"": ""paul.palladio@mclaughlin.net.au""}",paul.palladio@mclaughlin.net.au,4734,Paul,Palladio
"{""contact_id"": 4439, ""name"": ""Bernardo Wieloch"", ""email"": ""bernardo.wieloch@budig.com""}",bernardo.wieloch@budig.com,4439,Bernardo,Wieloch
"{""contact_id"": 1441, ""name"": ""Umberto Hicks"", ""email"": ""umberto.hicks@hill.com""}",umberto.hicks@hill.com,1441,Umberto,Hicks
"{""contact_id"": 5799, ""name"": ""Janko Bishop"", ""email"": ""janko.bishop@tim.it""}",janko.bishop@tim.it,5799,Janko,Bishop
"{""contact_id"": 1419, ""name"": ""Jessika Meunier"", ""email"": ""jessika.meunier@gmx.de""}",jessika.meunier@gmx.de,1419,Jessika,Meunier
"{""contact_id"": 3059, ""name"": ""Isaac Benard"", ""email"": ""isaac.benard@googlemail.com""}",isaac.benard@googlemail.com,3059,Isaac,Benard
"{""contact_id"": 3224, ""name"": ""Alexandrie Lambert"", ""email"": ""alexandrie.lambert@yahoo.com""}",alexandrie.lambert@yahoo.com,3224,Alexandrie,Lambert
"{""contact_id"": 3181, ""name"": ""Roberto Guyot"", ""email"": ""roberto.guyot@bennett.com""}",roberto.guyot@bennett.com,3181,Roberto,Guyot
"{""contact_id"": 6061, ""name"": ""Giulietta Lucas"", ""email"": ""giulietta.lucas@club.com""}",giulietta.lucas@club.com,6061,Giulietta,Lucas
"{""contact_id"": 4466, ""name"": ""Damaris Pininfarina"", ""email"": ""damaris.pininfarina@gmail.com""}",damaris.pininfarina@gmail.com,4466,Damaris,Pininfarina
"{""contact_id"": 6081, ""name"": ""Fabrizia Renard"", ""email"": ""fabrizia.renard@higgins-marks.com""}",fabrizia.renard@higgins-marks.com,6081,Fabrizia,Renard
"{""contact_id"": 2159, ""name"": ""Camillo Dehmel"", ""email"": ""camillo.dehmel@brown-campbell.com""}",camillo.dehmel@brown-campbell.com,2159,Camillo,Dehmel
"{""contact_id"": 3324, ""name"": ""Ruggero Parpinel"", ""email"": ""ruggero.parpinel@gmail.com""}",ruggero.parpinel@gmail.com,3324,Ruggero,Parpinel
"{""contact_id"": 3176, ""name"": ""Stephen Pratesi"", ""email"": ""stephen.pratesi@hotmail.com""}",stephen.pratesi@hotmail.com,3176,Stephen,Pratesi
"{""contact_id"": 5874, ""name"": ""Ludger Naccari"", ""email"": ""ludger.naccari@ingram.biz""}",ludger.naccari@ingram.biz,5874,Ludger,Naccari
"{""contact_id"": 5110, ""name"": ""Meryem Tapia"", ""email"": ""meryem.tapia@yahoo.com""}",meryem.tapia@yahoo.com,5110,Meryem,Tapia
"{""contact_id"": 5490, ""name"": ""Jasmine Juvara"", ""email"": ""jasmine.juvara@yahoo.com.au""}",jasmine.juvara@yahoo.com.au,5490,Jasmine,Juvara
"{""contact_id"": 1922, ""name"": ""Victoire Travaglia"", ""email"": ""victoire.travaglia@zacchia.com""}",victoire.travaglia@zacchia.com,1922,Victoire,Travaglia
"{""contact_id"": 4398, ""name"": ""Adrian Noel"", ""email"": ""adrian.noel@perrin.com""}",adrian.noel@perrin.com,4398,Adrian,Noel
"{""contact_id"": 4754, ""name"": ""Marvin Howe"", ""email"": ""marvin.howe@gmail.com""}",marvin.howe@gmail.com,4754,Marvin,Howe
"{""contact_id"": 3309, ""name"": ""Hanne Kidd"", ""email"": ""hanne.kidd@yahoo.com""}",hanne.kidd@yahoo.com,3309,Hanne,Kidd
"{""contact_id"": 1244, ""name"": ""Donatello Millet"", ""email"": ""donatello.millet@fritsch.net""}",donatello.millet@fritsch.net,1244,Donatello,Millet
"{""contact_id"": 2892, ""name"": ""Eloisa Pascarella"", ""email"": ""eloisa.pascarella@gmail.com""}",eloisa.pascarella@gmail.com,2892,Eloisa,Pascarella
"{""contact_id"": 2777, ""name"": ""Erica Zambrano"", ""email"": ""erica.zambrano@gmail.com""}",erica.zambrano@gmail.com,2777,Erica,Zambrano
"{""contact_id"": 4952, ""name"": ""Paula Canales"", ""email"": ""paula.canales@gilmore-guerrero.com""}",paula.canales@gilmore-guerrero.com,4952,Paula,Canales
"{""contact_id"": 5144, ""name"": ""Claudia Bernard"", ""email"": ""claudia.bernard@mazzanti.it""}",claudia.bernard@mazzanti.it,5144,Claudia,Bernard
"{""contact_id"": 5487, ""name"": ""Paulina Miller"", ""email"": ""paulina.miller@lewis-barker.com""}",paulina.miller@lewis-barker.com,5487,Paulina,Miller
"{""contact_id"": 1932, ""name"": ""Kathrin Godfrey"", ""email"": ""kathrin.godfrey@tele2.fr""}",kathrin.godfrey@tele2.fr,1932,Kathrin,Godfrey
"{""contact_id"": 3364, ""name"": ""Pina Passalacqua"", ""email"": ""pina.passalacqua@yahoo.co.uk""}",pina.passalacqua@yahoo.co.uk,3364,Pina,Passalacqua
"{""contact_id"": 5165, ""name"": ""Julien Miles"", ""email"": ""julien.miles@stevens-rose.com""}",julien.miles@stevens-rose.com,5165,Julien,Miles
"{""contact_id"": 3858, ""name"": ""Suzanne Benigni"", ""email"": ""suzanne.benigni@mennea-morlacchi.com""}",suzanne.benigni@mennea-morlacchi.com,3858,Suzanne,Benigni
"{""contact_id"": 4666, ""name"": ""Annalisa Pugh"", ""email"": ""annalisa.pugh@hotmail.fr""}",annalisa.pugh@hotmail.fr,4666,Annalisa,Pugh
"{""contact_id"": 2896, ""name"": ""Mathew Maestas"", ""email"": ""mathew.maestas@casas-garrido.com""}",mathew.maestas@casas-garrido.com,2896,Mathew,Maestas
"{""contact_id"": 4520, ""name"": ""Laszlo Vallee"", ""email"": ""laszlo.vallee@verdier.com""}",laszlo.vallee@verdier.com,4520,Laszlo,Vallee
"{""contact_id"": 5726, ""name"": ""Helen Polanco"", ""email"": ""helen.polanco@hotmail.com""}",helen.polanco@hotmail.com,5726,Helen,Polanco
"{""contact_id"": 5661, ""name"": ""Mateo Sorrentino"", ""email"": ""mateo.sorrentino@calderon.com""}",mateo.sorrentino@calderon.com,5661,Mateo,Sorrentino
"{""contact_id"": 4765, ""name"": ""Eric Barnes"", ""email"": ""eric.barnes@barrett-winter.com""}",eric.barnes@barrett-winter.com,4765,Eric,Barnes
"{""contact_id"": 3710, ""name"": ""Dragica West"", ""email"": ""dragica.west@yahoo.com.au""}",dragica.west@yahoo.com.au,3710,Dragica,West
"{""contact_id"": 4925, ""name"": ""Antje Voisin"", ""email"": ""antje.voisin@gmail.com""}",antje.voisin@gmail.com,4925,Antje,Voisin
"{""contact_id"": 1533, ""name"": ""Stanley Mills"", ""email"": ""stanley.mills@parker-lee.biz""}",stanley.mills@parker-lee.biz,1533,Stanley,Mills
"{""contact_id"": 5264, ""name"": ""Brandy Meraz"", ""email"": ""brandy.meraz@yahoo.com""}",brandy.meraz@yahoo.com,5264,Brandy,Meraz
"{""contact_id"": 4606, ""name"": ""Conor Reinhardt"", ""email"": ""conor.reinhardt@yahoo.com.au""}",conor.reinhardt@yahoo.com.au,4606,Conor,Reinhardt
"{""contact_id"": 2043, ""name"": ""Gabino Blot"", ""email"": ""gabino.blot@lewis-russell.org""}",gabino.blot@lewis-russell.org,2043,Gabino,Blot
"{""contact_id"": 3871, ""name"": ""Alvaro Lemus"", ""email"": ""alvaro.lemus@yahoo.com""}",alvaro.lemus@yahoo.com,3871,Alvaro,Lemus
"{""contact_id"": 6205, ""name"": ""Patrizia Wilms"", ""email"": ""patrizia.wilms@dbmail.com""}",patrizia.wilms@dbmail.com,6205,Patrizia,Wilms
"{""contact_id"": 3193, ""name"": ""Metin Coulon"", ""email"": ""metin.coulon@ashley.com""}",metin.coulon@ashley.com,3193,Metin,Coulon
"{""contact_id"": 1810, ""name"": ""Reece Valencia"", ""email"": ""reece.valencia@laboy-palomo.com""}",reece.valencia@laboy-palomo.com,1810,Reece,Valencia
"{""contact_id"": 4797, ""name"": ""Troy Schmiedecke"", ""email"": ""troy.schmiedecke@picard.com""}",troy.schmiedecke@picard.com,4797,Troy,Schmiedecke
"{""contact_id"": 1487, ""name"": ""Wendy Bustos"", ""email"": ""wendy.bustos@libero.it""}",wendy.bustos@libero.it,1487,Wendy,Bustos
"{""contact_id"": 3474, ""name"": ""Guglielmo Caldwell"", ""email"": ""guglielmo.caldwell@loeffler.com""}",guglielmo.caldwell@loeffler.com,3474,Guglielmo,Caldwell
"{""contact_id"": 5771, ""name"": ""Travis Cowan"", ""email"": ""travis.cowan@turner.info""}",travis.cowan@turner.info,5771,Travis,Cowan
"{""contact_id"": 6074, ""name"": ""Brandi Abbagnale"", ""email"": ""brandi.abbagnale@tele2.fr""}",brandi.abbagnale@tele2.fr,6074,Brandi,Abbagnale
"{""contact_id"": 1568, ""name"": ""Hanno Gollum"", ""email"": ""hanno.gollum@smith.com""}",hanno.gollum@smith.com,1568,Hanno,Gollum
"{""contact_id"": 4263, ""name"": ""Jutta Burke"", ""email"": ""jutta.burke@elliott.com""}",jutta.burke@elliott.com,4263,Jutta,Burke
"{""contact_id"": 5850, ""name"": ""Dorothe Paz"", ""email"": ""dorothe.paz@fiebig.de""}",dorothe.paz@fiebig.de,5850,Dorothe,Paz
"{""contact_id"": 5619, ""name"": ""Desiree Huerta"", ""email"": ""desiree.huerta@morris.com""}",desiree.huerta@morris.com,5619,Desiree,Huerta
"{""contact_id"": 1904, ""name"": ""Ilse Bray"", ""email"": ""ilse.bray@venturi.it""}",ilse.bray@venturi.it,1904,Ilse,Bray
"{""contact_id"": 5388, ""name"": ""Pierpaolo Scaduto"", ""email"": ""pierpaolo.scaduto@sanders-gibson.com.au""}",pierpaolo.scaduto@sanders-gibson.com.au,5388,Pierpaolo,Scaduto
"{""contact_id"": 2150, ""name"": ""Amedeo Bradford"", ""email"": ""amedeo.bradford@yahoo.com""}",amedeo.bradford@yahoo.com,2150,Amedeo,Bradford
"{""contact_id"": 2653, ""name"": ""Julia Ali"", ""email"": ""julia.ali@yahoo.com""}",julia.ali@yahoo.com,2653,Julia,Ali
"{""contact_id"": 2687, ""name"": ""Catalina Pizzetti"", ""email"": ""catalina.pizzetti@tim.it""}",catalina.pizzetti@tim.it,2687,Catalina,Pizzetti
"{""contact_id"": 3779, ""name"": ""Dylan Porzio"", ""email"": ""dylan.porzio@yahoo.de""}",dylan.porzio@yahoo.de,3779,Dylan,Porzio
"{""contact_id"": 1494, ""name"": ""Iris Trincavelli"", ""email"": ""iris.trincavelli@tiscali.fr""}",iris.trincavelli@tiscali.fr,1494,Iris,Trincavelli
"{""contact_id"": 4129, ""name"": ""Johnathan Guidotti"", ""email"": ""johnathan.guidotti@cox-sanchez.net""}",johnathan.guidotti@cox-sanchez.net,4129,Johnathan,Guidotti
"{""contact_id"": 3035, ""name"": ""Walburga Vollbrecht"", ""email"": ""walburga.vollbrecht@aol.de""}",walburga.vollbrecht@aol.de,3035,Walburga,Vollbrecht
"{""contact_id"": 2069, ""name"": ""Kendra David"", ""email"": ""kendra.david@allan-morton.com""}",kendra.david@allan-morton.com,2069,Kendra,David
"{""contact_id"": 5469, ""name"": ""Aleksandr Weiss"", ""email"": ""aleksandr.weiss@blanc.org""}",aleksandr.weiss@blanc.org,5469,Aleksandr,Weiss
"{""contact_id"": 3903, ""name"": ""Cornelio Guardado"", ""email"": ""cornelio.guardado@gmail.com""}",cornelio.guardado@gmail.com,3903,Cornelio,Guardado
"{""contact_id"": 4083, ""name"": ""Ferdi Blackburn"", ""email"": ""ferdi.blackburn@christensen.net""}",ferdi.blackburn@christensen.net,4083,Ferdi,Blackburn
"{""contact_id"": 4003, ""name"": ""Bill Gallagher"", ""email"": ""bill.gallagher@green.com""}",bill.gallagher@green.com,4003,Bill,Gallagher
"{""contact_id"": 3565, ""name"": ""Leonard Harvey"", ""email"": ""leonard.harvey@hotmail.com""}",leonard.harvey@hotmail.com,3565,Leonard,Harvey
"{""contact_id"": 1640, ""name"": ""Milan Montenegro"", ""email"": ""milan.montenegro@langern.com""}",milan.montenegro@langern.com,1640,Milan,Montenegro
"{""contact_id"": 4769, ""name"": ""Philip Perez"", ""email"": ""philip.perez@hotmail.co.uk""}",philip.perez@hotmail.co.uk,4769,Philip,Perez
"{""contact_id"": 3398, ""name"": ""Kathryn Hentschel"", ""email"": ""kathryn.hentschel@shaw.com""}",kathryn.hentschel@shaw.com,3398,Kathryn,Hentschel
"{""contact_id"": 1865, ""name"": ""Xavier Samson"", ""email"": ""xavier.samson@baggio.it""}",xavier.samson@baggio.it,1865,Xavier,Samson
"{""contact_id"": 5690, ""name"": ""Hartwig Roberts"", ""email"": ""hartwig.roberts@saraceno.net""}",hartwig.roberts@saraceno.net,5690,Hartwig,Roberts
"{""contact_id"": 3814, ""name"": ""Kimberly Chan"", ""email"": ""kimberly.chan@gmail.com""}",kimberly.chan@gmail.com,3814,Kimberly,Chan
"{""contact_id"": 2942, ""name"": ""Lorraine Crawford"", ""email"": ""lorraine.crawford@gmail.com""}",lorraine.crawford@gmail.com,2942,Lorraine,Crawford
"{""contact_id"": 5095, ""name"": ""Maximiliano Knowles"", ""email"": ""maximiliano.knowles@gmail.com""}",maximiliano.knowles@gmail.com,5095,Maximiliano,Knowles
"{""contact_id"": 2878, ""name"": ""Gabriella Avila"", ""email"": ""gabriella.avila@gmail.com""}",gabriella.avila@gmail.com,2878,Gabriella,Avila
"{""contact_id"": 3697, ""name"": ""Rico Mortati"", ""email"": ""rico.mortati@faivre.fr""}",rico.mortati@faivre.fr,3697,Rico,Mortati
"{""contact_id"": 4744, ""name"": ""Gail Petrocelli"", ""email"": ""gail.petrocelli@yahoo.com""}",gail.petrocelli@yahoo.com,4744,Gail,Petrocelli
"{""contact_id"": 2104, ""name"": ""Liberto Niemeier"", ""email"": ""liberto.niemeier@germano-dibiasi.it""}",liberto.niemeier@germano-dibiasi.it,2104,Liberto,Niemeier
"{""contact_id"": 4883, ""name"": ""Luciana Petitjean"", ""email"": ""luciana.petitjean@patterson-cole.biz""}",luciana.petitjean@patterson-cole.biz,4883,Luciana,Petitjean
"{""contact_id"": 4807, ""name"": ""Ron Cavazos"", ""email"": ""ron.cavazos@yahoo.com""}",ron.cavazos@yahoo.com,4807,Ron,Cavazos
"{""contact_id"": 1372, ""name"": ""Aldo Cibin"", ""email"": ""aldo.cibin@gmx.de""}",aldo.cibin@gmx.de,1372,Aldo,Cibin
"{""contact_id"": 3666, ""name"": ""Alexandre Serrano"", ""email"": ""alexandre.serrano@yahoo.co.uk""}",alexandre.serrano@yahoo.co.uk,3666,Alexandre,Serrano
"{""contact_id"": 2066, ""name"": ""Lori Fagotto"", ""email"": ""lori.fagotto@hill-anderson.com""}",lori.fagotto@hill-anderson.com,2066,Lori,Fagotto
"{""contact_id"": 1834, ""name"": ""Perla Figueroa"", ""email"": ""perla.figueroa@live.com""}",perla.figueroa@live.com,1834,Perla,Figueroa
"{""contact_id"": 5853, ""name"": ""Reginald Hughes"", ""email"": ""reginald.hughes@gmail.com""}",reginald.hughes@gmail.com,5853,Reginald,Hughes
"{""contact_id"": 2219, ""name"": ""Uriel Holt"", ""email"": ""uriel.holt@gmail.com""}",uriel.holt@gmail.com,2219,Uriel,Holt
"{""contact_id"": 4148, ""name"": ""Stefano Lemonnier"", ""email"": ""stefano.lemonnier@binner.com""}",stefano.lemonnier@binner.com,4148,Stefano,Lemonnier
"{""contact_id"": 4477, ""name"": ""Madeleine Cooper"", ""email"": ""madeleine.cooper@poste.it""}",madeleine.cooper@poste.it,4477,Madeleine,Cooper
"{""contact_id"": 1786, ""name"": ""Alban Barbier"", ""email"": ""alban.barbier@ortiz.org""}",alban.barbier@ortiz.org,1786,Alban,Barbier
"{""contact_id"": 3455, ""name"": ""Alfonso Finetti"", ""email"": ""alfonso.finetti@quiroz.com""}",alfonso.finetti@quiroz.com,3455,Alfonso,Finetti
"{""contact_id"": 5707, ""name"": ""Ryan Kim"", ""email"": ""ryan.kim@noos.fr""}",ryan.kim@noos.fr,5707,Ryan,Kim
"{""contact_id"": 5470, ""name"": ""Augustin Wohlgemut"", ""email"": ""augustin.wohlgemut@watson.info""}",augustin.wohlgemut@watson.info,5470,Augustin,Wohlgemut
"{""contact_id"": 3274, ""name"": ""Rolando Bibi"", ""email"": ""rolando.bibi@tin.it""}",rolando.bibi@tin.it,3274,Rolando,Bibi
"{""contact_id"": 4613, ""name"": ""Berthold Randall"", ""email"": ""berthold.randall@mcdonald.com""}",berthold.randall@mcdonald.com,4613,Berthold,Randall
"{""contact_id"": 4465, ""name"": ""Genaro Briand"", ""email"": ""genaro.briand@sfr.fr""}",genaro.briand@sfr.fr,4465,Genaro,Briand
"{""contact_id"": 1652, ""name"": ""Rudolf Jenkins"", ""email"": ""rudolf.jenkins@hotmail.com""}",rudolf.jenkins@hotmail.com,1652,Rudolf,Jenkins
"{""contact_id"": 2100, ""name"": ""Pauline Ackermann"", ""email"": ""pauline.ackermann@arredondo-roque.com""}",pauline.ackermann@arredondo-roque.com,2100,Pauline,Ackermann
"{""contact_id"": 4321, ""name"": ""Folker Swanson"", ""email"": ""folker.swanson@rodrigues.fr""}",folker.swanson@rodrigues.fr,4321,Folker,Swanson
"{""contact_id"": 4168, ""name"": ""Ashleigh Montez"", ""email"": ""ashleigh.montez@perry-schneider.com""}",ashleigh.montez@perry-schneider.com,4168,Ashleigh,Montez
"{""contact_id"": 3733, ""name"": ""Liliana Barber"", ""email"": ""liliana.barber@libero.it""}",liliana.barber@libero.it,3733,Liliana,Barber
"{""contact_id"": 2594, ""name"": ""Caridad Carr"", ""email"": ""caridad.carr@huhn.com""}",caridad.carr@huhn.com,2594,Caridad,Carr
"{""contact_id"": 3909, ""name"": ""Lolita Borrego"", ""email"": ""lolita.borrego@gmail.com""}",lolita.borrego@gmail.com,3909,Lolita,Borrego
"{""contact_id"": 5179, ""name"": ""Gunar Patrick"", ""email"": ""gunar.patrick@leroy.com""}",gunar.patrick@leroy.com,5179,Gunar,Patrick
"{""contact_id"": 2228, ""name"": ""Leokadia Verdier"", ""email"": ""leokadia.verdier@hotmail.com.au""}",leokadia.verdier@hotmail.com.au,2228,Leokadia,Verdier
"{""contact_id"": 6222, ""name"": ""Hanna Reid"", ""email"": ""hanna.reid@salas.org""}",hanna.reid@salas.org,6222,Hanna,Reid
"{""contact_id"": 2354, ""name"": ""Edelgard Kreusel"", ""email"": ""edelgard.kreusel@hotmail.com""}",edelgard.kreusel@hotmail.com,2354,Edelgard,Kreusel
"{""contact_id"": 1725, ""name"": ""Svenja Perrin"", ""email"": ""svenja.perrin@berger.com""}",svenja.perrin@berger.com,1725,Svenja,Perrin
"{""contact_id"": 2960, ""name"": ""Pierluigi Taccola"", ""email"": ""pierluigi.taccola@gmx.de""}",pierluigi.taccola@gmx.de,2960,Pierluigi,Taccola
"{""contact_id"": 2077, ""name"": ""Cilli Watts"", ""email"": ""cilli.watts@yahoo.com""}",cilli.watts@yahoo.com,2077,Cilli,Watts
"{""contact_id"": 5662, ""name"": ""Emiliano Wells"", ""email"": ""emiliano.wells@gmx.de""}",emiliano.wells@gmx.de,5662,Emiliano,Wells
"{""contact_id"": 3481, ""name"": ""April Davids"", ""email"": ""april.davids@fisher.info""}",april.davids@fisher.info,3481,April,Davids
"{""contact_id"": 2565, ""name"": ""Dolores Didier"", ""email"": ""dolores.didier@yahoo.com.au""}",dolores.didier@yahoo.com.au,2565,Dolores,Didier
"{""contact_id"": 4436, ""name"": ""Sylvia Bonomo"", ""email"": ""sylvia.bonomo@poulain.com""}",sylvia.bonomo@poulain.com,4436,Sylvia,Bonomo
"{""contact_id"": 5072, ""name"": ""Nelly Marsh"", ""email"": ""nelly.marsh@hotmail.it""}",nelly.marsh@hotmail.it,5072,Nelly,Marsh
"{""contact_id"": 5200, ""name"": ""Beth Miniati"", ""email"": ""beth.miniati@hudson.net""}",beth.miniati@hudson.net,5200,Beth,Miniati
"{""contact_id"": 4502, ""name"": ""Renee Merino"", ""email"": ""renee.merino@gmail.com""}",renee.merino@gmail.com,4502,Renee,Merino
"{""contact_id"": 4945, ""name"": ""Hailey Russell"", ""email"": ""hailey.russell@jourdan.org""}",hailey.russell@jourdan.org,4945,Hailey,Russell
"{""contact_id"": 3012, ""name"": ""Raphaela Gotthard"", ""email"": ""raphaela.gotthard@outlook.com""}",raphaela.gotthard@outlook.com,3012,Raphaela,Gotthard
"{""contact_id"": 6094, ""name"": ""Pomponio Comencini"", ""email"": ""pomponio.comencini@hotmail.co.uk""}",pomponio.comencini@hotmail.co.uk,6094,Pomponio,Comencini
"{""contact_id"": 3815, ""name"": ""Leone Richardson"", ""email"": ""leone.richardson@yahoo.com""}",leone.richardson@yahoo.com,3815,Leone,Richardson
"{""contact_id"": 4838, ""name"": ""Valentine Acosta"", ""email"": ""valentine.acosta@peters.net""}",valentine.acosta@peters.net,4838,Valentine,Acosta
"{""contact_id"": 3469, ""name"": ""Ricciotti Laureano"", ""email"": ""ricciotti.laureano@parsons.com""}",ricciotti.laureano@parsons.com,3469,Ricciotti,Laureano
"{""contact_id"": 4874, ""name"": ""Jacques Heidrich"", ""email"": ""jacques.heidrich@zamudio-chapa.com""}",jacques.heidrich@zamudio-chapa.com,4874,Jacques,Heidrich
"{""contact_id"": 1792, ""name"": ""Anne Snow"", ""email"": ""anne.snow@gmail.com""}",anne.snow@gmail.com,1792,Anne,Snow
"{""contact_id"": 4356, ""name"": ""Sonia Volta"", ""email"": ""sonia.volta@gmx.de""}",sonia.volta@gmx.de,4356,Sonia,Volta
"{""contact_id"": 6196, ""name"": ""Dale Leblanc"", ""email"": ""dale.leblanc@stewart.com""}",dale.leblanc@stewart.com,6196,Dale,Leblanc
"{""contact_id"": 3578, ""name"": ""Alejandro Cruz"", ""email"": ""alejandro.cruz@hotmail.com""}",alejandro.cruz@hotmail.com,3578,Alejandro,Cruz
"{""contact_id"": 4491, ""name"": ""Elsa Cugia"", ""email"": ""elsa.cugia@yahoo.com""}",elsa.cugia@yahoo.com,4491,Elsa,Cugia
"{""contact_id"": 3054, ""name"": ""Geronimo Pechel"", ""email"": ""geronimo.pechel@hotmail.com""}",geronimo.pechel@hotmail.com,3054,Geronimo,Pechel
"{""contact_id"": 1968, ""name"": ""Melania Klemm"", ""email"": ""melania.klemm@seidel.com""}",melania.klemm@seidel.com,1968,Melania,Klemm
"{""contact_id"": 5869, ""name"": ""Katherine Cooley"", ""email"": ""katherine.cooley@yahoo.com""}",katherine.cooley@yahoo.com,5869,Katherine,Cooley
"{""contact_id"": 5858, ""name"": ""Guillermo Larsen"", ""email"": ""guillermo.larsen@yahoo.com""}",guillermo.larsen@yahoo.com,5858,Guillermo,Larsen
"{""contact_id"": 5203, ""name"": ""Jill Barrios"", ""email"": ""jill.barrios@gmail.com""}",jill.barrios@gmail.com,5203,Jill,Barrios
"{""contact_id"": 2577, ""name"": ""Austin Musatti"", ""email"": ""austin.musatti@tin.it""}",austin.musatti@tin.it,2577,Austin,Musatti
"{""contact_id"": 3216, ""name"": ""Jacinto Rose"", ""email"": ""jacinto.rose@yahoo.com""}",jacinto.rose@yahoo.com,3216,Jacinto,Rose
"{""contact_id"": 2037, ""name"": ""Lucie Redi"", ""email"": ""lucie.redi@googlemail.com""}",lucie.redi@googlemail.com,2037,Lucie,Redi
"{""contact_id"": 3867, ""name"": ""Tania Chapman"", ""email"": ""tania.chapman@remy.com""}",tania.chapman@remy.com,3867,Tania,Chapman
"{""contact_id"": 5109, ""name"": ""Alexandria Best"", ""email"": ""alexandria.best@yahoo.co.uk""}",alexandria.best@yahoo.co.uk,5109,Alexandria,Best
"{""contact_id"": 1376, ""name"": ""Edward Scott"", ""email"": ""edward.scott@yahoo.com""}",edward.scott@yahoo.com,1376,Edward,Scott
"{""contact_id"": 5260, ""name"": ""Jake Wiley"", ""email"": ""jake.wiley@outlook.com""}",jake.wiley@outlook.com,5260,Jake,Wiley
"{""contact_id"": 2350, ""name"": ""Claudio Reuter"", ""email"": ""claudio.reuter@morgan-collins.org.au""}",claudio.reuter@morgan-collins.org.au,2350,Claudio,Reuter
"{""contact_id"": 2269, ""name"": ""Laure Traetta"", ""email"": ""laure.traetta@kay-perkins.co.uk""}",laure.traetta@kay-perkins.co.uk,2269,Laure,Traetta
"{""contact_id"": 3650, ""name"": ""Magarete Valentin"", ""email"": ""magarete.valentin@yahoo.com""}",magarete.valentin@yahoo.com,3650,Magarete,Valentin
"{""contact_id"": 3934, ""name"": ""Paige Hill"", ""email"": ""paige.hill@jones.org.au""}",paige.hill@jones.org.au,3934,Paige,Hill
"{""contact_id"": 4048, ""name"": ""Fulvio Curiel"", ""email"": ""fulvio.curiel@reynolds.com""}",fulvio.curiel@reynolds.com,4048,Fulvio,Curiel
"{""contact_id"": 4266, ""name"": ""Thibaut Camarillo"", ""email"": ""thibaut.camarillo@hotmail.com""}",thibaut.camarillo@hotmail.com,4266,Thibaut,Camarillo
"{""contact_id"": 3863, ""name"": ""Romana Blanchard"", ""email"": ""romana.blanchard@googlemail.com""}",romana.blanchard@googlemail.com,3863,Romana,Blanchard
"{""contact_id"": 4922, ""name"": ""Thibault Savorgnan"", ""email"": ""thibault.savorgnan@butler.biz""}",thibault.savorgnan@butler.biz,4922,Thibault,Savorgnan
"{""contact_id"": 4517, ""name"": ""Alexander Pausini"", ""email"": ""alexander.pausini@gonzalez.info""}",alexander.pausini@gonzalez.info,4517,Alexander,Pausini
"{""contact_id"": 3259, ""name"": ""Pierangelo Scholtz"", ""email"": ""pierangelo.scholtz@lefevre.com""}",pierangelo.scholtz@lefevre.com,3259,Pierangelo,Scholtz
"{""contact_id"": 3123, ""name"": ""Emmanuelle Keller"", ""email"": ""emmanuelle.keller@morton-clarke.com""}",emmanuelle.keller@morton-clarke.com,3123,Emmanuelle,Keller
"{""contact_id"": 3870, ""name"": ""Isabella Deleon"", ""email"": ""isabella.deleon@web.de""}",isabella.deleon@web.de,3870,Isabella,Deleon
"{""contact_id"": 2996, ""name"": ""Timothy Weitzel"", ""email"": ""timothy.weitzel@gmail.com""}",timothy.weitzel@gmail.com,2996,Timothy,Weitzel
"{""contact_id"": 2993, ""name"": ""Alfredo Ingram"", ""email"": ""alfredo.ingram@hotmail.com""}",alfredo.ingram@hotmail.com,2993,Alfredo,Ingram
"{""contact_id"": 4556, ""name"": ""Francesca Kade"", ""email"": ""francesca.kade@luna-rael.org""}",francesca.kade@luna-rael.org,4556,Francesca,Kade
"{""contact_id"": 2326, ""name"": ""Tonia Coleman"", ""email"": ""tonia.coleman@hotmail.com""}",tonia.coleman@hotmail.com,2326,Tonia,Coleman
"{""contact_id"": 4109, ""name"": ""Gottfried Barbe"", ""email"": ""gottfried.barbe@hotmail.com""}",gottfried.barbe@hotmail.com,4109,Gottfried,Barbe
"{""contact_id"": 5739, ""name"": ""Jeffrey Trommler"", ""email"": ""jeffrey.trommler@yahoo.com""}",jeffrey.trommler@yahoo.com,5739,Jeffrey,Trommler
"{""contact_id"": 5887, ""name"": ""Giacobbe Owens"", ""email"": ""giacobbe.owens@huet.fr""}",giacobbe.owens@huet.fr,5887,Giacobbe,Owens
"{""contact_id"": 1651, ""name"": ""Conchita Pagliaro"", ""email"": ""conchita.pagliaro@googlemail.com""}",conchita.pagliaro@googlemail.com,1651,Conchita,Pagliaro
"{""contact_id"": 1628, ""name"": ""Kevin Delahaye"", ""email"": ""kevin.delahaye@ellis-wilson.com""}",kevin.delahaye@ellis-wilson.com,1628,Kevin,Delahaye
"{""contact_id"": 2642, ""name"": ""Rouven Ovadia"", ""email"": ""rouven.ovadia@gmail.com""}",rouven.ovadia@gmail.com,2642,Rouven,Ovadia
"{""contact_id"": 6020, ""name"": ""Piermaria Laporte"", ""email"": ""piermaria.laporte@wesack.com""}",piermaria.laporte@wesack.com,6020,Piermaria,Laporte
"{""contact_id"": 4747, ""name"": ""Karolin Johann"", ""email"": ""karolin.johann@hotmail.com""}",karolin.johann@hotmail.com,4747,Karolin,Johann
"{""contact_id"": 5534, ""name"": ""Steven Folliero"", ""email"": ""steven.folliero@noos.fr""}",steven.folliero@noos.fr,5534,Steven,Folliero
"{""contact_id"": 4790, ""name"": ""Livio Rosselli"", ""email"": ""livio.rosselli@green.co.uk""}",livio.rosselli@green.co.uk,4790,Livio,Rosselli
"{""contact_id"": 4632, ""name"": ""Gaetano Leonardi"", ""email"": ""gaetano.leonardi@despacho.com""}",gaetano.leonardi@despacho.com,4632,Gaetano,Leonardi
"{""contact_id"": 1952, ""name"": ""Cynthia Robinson"", ""email"": ""cynthia.robinson@gilles.net""}",cynthia.robinson@gilles.net,1952,Cynthia,Robinson
"{""contact_id"": 4388, ""name"": ""Eleni Aponte"", ""email"": ""eleni.aponte@club-internet.fr""}",eleni.aponte@club-internet.fr,4388,Eleni,Aponte
"{""contact_id"": 5529, ""name"": ""Noelia Romo"", ""email"": ""noelia.romo@yahoo.com""}",noelia.romo@yahoo.com,5529,Noelia,Romo
"{""contact_id"": 1316, ""name"": ""Evelyn Haynes"", ""email"": ""evelyn.haynes@clark.info""}",evelyn.haynes@clark.info,1316,Evelyn,Haynes
"{""contact_id"": 1670, ""name"": ""Katharine Zaccagnini"", ""email"": ""katharine.zaccagnini@hotmail.com""}",katharine.zaccagnini@hotmail.com,1670,Katharine,Zaccagnini
"{""contact_id"": 4909, ""name"": ""Lea Merle"", ""email"": ""lea.merle@stey.de""}",lea.merle@stey.de,4909,Lea,Merle
"{""contact_id"": 3401, ""name"": ""Marta Huynh"", ""email"": ""marta.huynh@hernandez.info""}",marta.huynh@hernandez.info,3401,Marta,Huynh
"{""contact_id"": 4619, ""name"": ""Amador Riley"", ""email"": ""amador.riley@hotmail.com""}",amador.riley@hotmail.com,4619,Amador,Riley
"{""contact_id"": 4722, ""name"": ""Julie Coles"", ""email"": ""julie.coles@hotmail.fr""}",julie.coles@hotmail.fr,4722,Julie,Coles
"{""contact_id"": 2188, ""name"": ""Beverley Telesio"", ""email"": ""beverley.telesio@regnier.fr""}",beverley.telesio@regnier.fr,2188,Beverley,Telesio
"{""contact_id"": 5497, ""name"": ""Corinne Mitschke"", ""email"": ""corinne.mitschke@hauffer.net""}",corinne.mitschke@hauffer.net,5497,Corinne,Mitschke
"{""contact_id"": 5711, ""name"": ""Valerie Ortega"", ""email"": ""valerie.ortega@tele2.it""}",valerie.ortega@tele2.it,5711,Valerie,Ortega
"{""contact_id"": 4076, ""name"": ""Carlos Delle"", ""email"": ""carlos.delle@hicks.com""}",carlos.delle@hicks.com,4076,Carlos,Delle
"{""contact_id"": 1847, ""name"": ""Christina Besnard"", ""email"": ""christina.besnard@delorme.com""}",christina.besnard@delorme.com,1847,Christina,Besnard
"{""contact_id"": 2816, ""name"": ""Rosario Jacques"", ""email"": ""rosario.jacques@yahoo.com""}",rosario.jacques@yahoo.com,2816,Rosario,Jacques
"{""contact_id"": 5019, ""name"": ""Celal Fischer"", ""email"": ""celal.fischer@aol.de""}",celal.fischer@aol.de,5019,Celal,Fischer
"{""contact_id"": 4869, ""name"": ""Leonardo Guzman"", ""email"": ""leonardo.guzman@andreozzi-abba.com""}",leonardo.guzman@andreozzi-abba.com,4869,Leonardo,Guzman
"{""contact_id"": 3613, ""name"": ""Clinton Mason"", ""email"": ""clinton.mason@yahoo.com""}",clinton.mason@yahoo.com,3613,Clinton,Mason
"{""contact_id"": 3069, ""name"": ""Loretta Mallet"", ""email"": ""loretta.mallet@sansoni-toscani.it""}",loretta.mallet@sansoni-toscani.it,3069,Loretta,Mallet
"{""contact_id"": 2601, ""name"": ""Lorenzo Roero"", ""email"": ""lorenzo.roero@hotmail.co.uk""}",lorenzo.roero@hotmail.co.uk,2601,Lorenzo,Roero
"{""contact_id"": 2133, ""name"": ""Lando Gutierrez"", ""email"": ""lando.gutierrez@heser.com""}",lando.gutierrez@heser.com,2133,Lando,Gutierrez
"{""contact_id"": 3164, ""name"": ""Elaine Patterson"", ""email"": ""elaine.patterson@rose-morris.org""}",elaine.patterson@rose-morris.org,3164,Elaine,Patterson
"{""contact_id"": 3897, ""name"": ""Marcella Govoni"", ""email"": ""marcella.govoni@barkholz.net""}",marcella.govoni@barkholz.net,3897,Marcella,Govoni
"{""contact_id"": 5663, ""name"": ""Ettore Amaldi"", ""email"": ""ettore.amaldi@germain.com""}",ettore.amaldi@germain.com,5663,Ettore,Amaldi
"{""contact_id"": 3879, ""name"": ""Rufino Gallegos"", ""email"": ""rufino.gallegos@webster-newton.co.uk""}",rufino.gallegos@webster-newton.co.uk,3879,Rufino,Gallegos
"{""contact_id"": 5900, ""name"": ""Georges Richards"", ""email"": ""georges.richards@macdonald.com""}",georges.richards@macdonald.com,5900,Georges,Richards
"{""contact_id"": 2272, ""name"": ""Janice Infantino"", ""email"": ""janice.infantino@hotmail.com""}",janice.infantino@hotmail.com,2272,Janice,Infantino
"{""contact_id"": 5436, ""name"": ""Svetlana Montanariello"", ""email"": ""svetlana.montanariello@putz.de""}",svetlana.montanariello@putz.de,5436,Svetlana,Montanariello
"{""contact_id"": 3676, ""name"": ""Agnolo Cedillo"", ""email"": ""agnolo.cedillo@laboratorios.biz""}",agnolo.cedillo@laboratorios.biz,3676,Agnolo,Cedillo
"{""contact_id"": 4676, ""name"": ""Hannah Jockel"", ""email"": ""hannah.jockel@ceravolo-tonisto.eu""}",hannah.jockel@ceravolo-tonisto.eu,4676,Hannah,Jockel
"{""contact_id"": 1563, ""name"": ""Yvonne Stout"", ""email"": ""yvonne.stout@sims.edu""}",yvonne.stout@sims.edu,1563,Yvonne,Stout
"{""contact_id"": 4349, ""name"": ""Anouk Pace"", ""email"": ""anouk.pace@gmail.com""}",anouk.pace@gmail.com,4349,Anouk,Pace
"{""contact_id"": 1658, ""name"": ""Esteban Valdez"", ""email"": ""esteban.valdez@hotmail.com""}",esteban.valdez@hotmail.com,1658,Esteban,Valdez
"{""contact_id"": 2552, ""name"": ""Angelina Davies"", ""email"": ""angelina.davies@hotmail.com""}",angelina.davies@hotmail.com,2552,Angelina,Davies
"{""contact_id"": 4847, ""name"": ""Anastasie Cadena"", ""email"": ""anastasie.cadena@live.com""}",anastasie.cadena@live.com,4847,Anastasie,Cadena
"{""contact_id"": 1553, ""name"": ""Hansjoachim Lettiere"", ""email"": ""hansjoachim.lettiere@hall-mcdaniel.net""}",hansjoachim.lettiere@hall-mcdaniel.net,1553,Hansjoachim,Lettiere
"{""contact_id"": 2632, ""name"": ""Yeni Tejada"", ""email"": ""yeni.tejada@olson.edu.au""}",yeni.tejada@olson.edu.au,2632,Yeni,Tejada
"{""contact_id"": 1908, ""name"": ""Dulce Adinolfi"", ""email"": ""dulce.adinolfi@hotmail.com""}",dulce.adinolfi@hotmail.com,1908,Dulce,Adinolfi
"{""contact_id"": 5801, ""name"": ""Sean Mielcarek"", ""email"": ""sean.mielcarek@gmail.com""}",sean.mielcarek@gmail.com,5801,Sean,Mielcarek
"{""contact_id"": 1935, ""name"": ""Omar Fonseca"", ""email"": ""omar.fonseca@grupo.org""}",omar.fonseca@grupo.org,1935,Omar,Fonseca
"{""contact_id"": 2609, ""name"": ""Henry Gucci"", ""email"": ""henry.gucci@leleu.fr""}",henry.gucci@leleu.fr,2609,Henry,Gucci
"{""contact_id"": 2740, ""name"": ""Samira Bottaro"", ""email"": ""samira.bottaro@vasseur.fr""}",samira.bottaro@vasseur.fr,2740,Samira,Bottaro
"{""contact_id"": 1907, ""name"": ""Korinna Arnold"", ""email"": ""korinna.arnold@zapata-saenz.biz""}",korinna.arnold@zapata-saenz.biz,1907,Korinna,Arnold
"{""contact_id"": 1831, ""name"": ""Marcela Ferrante"", ""email"": ""marcela.ferrante@gmx.de""}",marcela.ferrante@gmx.de,1831,Marcela,Ferrante
"{""contact_id"": 5177, ""name"": ""Douglas Amaya"", ""email"": ""douglas.amaya@favata-brenna.net""}",douglas.amaya@favata-brenna.net,5177,Douglas,Amaya
"{""contact_id"": 6179, ""name"": ""Katherina Barrientos"", ""email"": ""katherina.barrientos@trobbiani.eu""}",katherina.barrientos@trobbiani.eu,6179,Katherina,Barrientos
"{""contact_id"": 2917, ""name"": ""Brittany Tran"", ""email"": ""brittany.tran@tele2.it""}",brittany.tran@tele2.it,2917,Brittany,Tran
"{""contact_id"": 1486, ""name"": ""Caroline Reeves"", ""email"": ""caroline.reeves@yahoo.com""}",caroline.reeves@yahoo.com,1486,Caroline,Reeves
"{""contact_id"": 3735, ""name"": ""Joe Michaud"", ""email"": ""joe.michaud@yahoo.fr""}",joe.michaud@yahoo.fr,3735,Joe,Michaud
"{""contact_id"": 3838, ""name"": ""Marco Vittadello"", ""email"": ""marco.vittadello@gmail.com""}",marco.vittadello@gmail.com,3838,Marco,Vittadello
"{""contact_id"": 2430, ""name"": ""Kim Webb"", ""email"": ""kim.webb@yahoo.com.au""}",kim.webb@yahoo.com.au,2430,Kim,Webb
"{""contact_id"": 2480, ""name"": ""Eugenia Zichichi"", ""email"": ""eugenia.zichichi@yahoo.com""}",eugenia.zichichi@yahoo.com,2480,Eugenia,Zichichi
"{""contact_id"": 3431, ""name"": ""Aurore Rosemann"", ""email"": ""aurore.rosemann@leoncavallo-rusticucci.com""}",aurore.rosemann@leoncavallo-rusticucci.com,3431,Aurore,Rosemann
"{""contact_id"": 1742, ""name"": ""Giustino Luzi"", ""email"": ""giustino.luzi@rolland.fr""}",giustino.luzi@rolland.fr,1742,Giustino,Luzi
"{""contact_id"": 4628, ""name"": ""Anita Galindo"", ""email"": ""anita.galindo@gmail.com""}",anita.galindo@gmail.com,4628,Anita,Galindo
"{""contact_id"": 2385, ""name"": ""Gunhild Carrillo"", ""email"": ""gunhild.carrillo@elliott-gilbert.org""}",gunhild.carrillo@elliott-gilbert.org,2385,Gunhild,Carrillo
"{""contact_id"": 2213, ""name"": ""Rosa Paul"", ""email"": ""rosa.paul@bien.com""}",rosa.paul@bien.com,2213,Rosa,Paul
"{""contact_id"": 5188, ""name"": ""Marliese Oneal"", ""email"": ""marliese.oneal@gmail.com""}",marliese.oneal@gmail.com,5188,Marliese,Oneal
"{""contact_id"": 3418, ""name"": ""Bethany Hartmann"", ""email"": ""bethany.hartmann@yahoo.com""}",bethany.hartmann@yahoo.com,3418,Bethany,Hartmann
"{""contact_id"": 5637, ""name"": ""Irina Martineau"", ""email"": ""irina.martineau@gmail.com""}",irina.martineau@gmail.com,5637,Irina,Martineau
"{""contact_id"": 3530, ""name"": ""Beatriz Moulin"", ""email"": ""beatriz.moulin@pinto.com""}",beatriz.moulin@pinto.com,3530,Beatriz,Moulin
"{""contact_id"": 3731, ""name"": ""Lucas Austin"", ""email"": ""lucas.austin@gmail.com""}",lucas.austin@gmail.com,3731,Lucas,Austin
"{""contact_id"": 3219, ""name"": ""Carole Nohlmans"", ""email"": ""carole.nohlmans@yahoo.com""}",carole.nohlmans@yahoo.com,3219,Carole,Nohlmans
"{""contact_id"": 2392, ""name"": ""Bozena Schmitt"", ""email"": ""bozena.schmitt@vallet.com""}",bozena.schmitt@vallet.com,2392,Bozena,Schmitt
"{""contact_id"": 5103, ""name"": ""Aimee Foconi"", ""email"": ""aimee.foconi@outlook.com""}",aimee.foconi@outlook.com,5103,Aimee,Foconi
"{""contact_id"": 3992, ""name"": ""Marzena Carrero"", ""email"": ""marzena.carrero@roskoth.de""}",marzena.carrero@roskoth.de,3992,Marzena,Carrero
"{""contact_id"": 2442, ""name"": ""Raisa Poulain"", ""email"": ""raisa.poulain@fastwebnet.it""}",raisa.poulain@fastwebnet.it,2442,Raisa,Poulain
"{""contact_id"": 2913, ""name"": ""Marcantonio Bennett"", ""email"": ""marcantonio.bennett@hopkins.com.au""}",marcantonio.bennett@hopkins.com.au,2913,Marcantonio,Bennett
"{""contact_id"": 1631, ""name"": ""Kenneth Hurst"", ""email"": ""kenneth.hurst@meunier.net""}",kenneth.hurst@meunier.net,1631,Kenneth,Hurst
"{""contact_id"": 4073, ""name"": ""Marisela Mende"", ""email"": ""marisela.mende@godoy-enriquez.com""}",marisela.mende@godoy-enriquez.com,4073,Marisela,Mende
"{""contact_id"": 4568, ""name"": ""Blanka Villareal"", ""email"": ""blanka.villareal@monduzzi.net""}",blanka.villareal@monduzzi.net,4568,Blanka,Villareal
"{""contact_id"": 1830, ""name"": ""Tomislav Stoppani"", ""email"": ""tomislav.stoppani@corporacin.org""}",tomislav.stoppani@corporacin.org,1830,Tomislav,Stoppani
"{""contact_id"": 2623, ""name"": ""Krystal Ammaniti"", ""email"": ""krystal.ammaniti@barbier.fr""}",krystal.ammaniti@barbier.fr,2623,Krystal,Ammaniti
"{""contact_id"": 4327, ""name"": ""Deanna Aporti"", ""email"": ""deanna.aporti@bouygtel.fr""}",deanna.aporti@bouygtel.fr,4327,Deanna,Aporti
"{""contact_id"": 3713, ""name"": ""Donatella Burns"", ""email"": ""donatella.burns@yahoo.de""}",donatella.burns@yahoo.de,3713,Donatella,Burns
"{""contact_id"": 2389, ""name"": ""Margrit Hooper"", ""email"": ""margrit.hooper@douglas.com""}",margrit.hooper@douglas.com,2389,Margrit,Hooper
"{""contact_id"": 5141, ""name"": ""Baccio Marcacci"", ""email"": ""baccio.marcacci@laposte.net""}",baccio.marcacci@laposte.net,5141,Baccio,Marcacci
"{""contact_id"": 3522, ""name"": ""Alfio Roman"", ""email"": ""alfio.roman@hotmail.co.uk""}",alfio.roman@hotmail.co.uk,3522,Alfio,Roman
"{""contact_id"": 1334, ""name"": ""Soledad Soto"", ""email"": ""soledad.soto@hotmail.de""}",soledad.soto@hotmail.de,1334,Soledad,Soto
"{""contact_id"": 4721, ""name"": ""Josh Cimarosa"", ""email"": ""josh.cimarosa@hotmail.com""}",josh.cimarosa@hotmail.com,4721,Josh,Cimarosa
"{""contact_id"": 3768, ""name"": ""Nath Rico"", ""email"": ""nath.rico@yahoo.com""}",nath.rico@yahoo.com,3768,Nath,Rico
"{""contact_id"": 1639, ""name"": ""Gary Armani"", ""email"": ""gary.armani@web.de""}",gary.armani@web.de,1639,Gary,Armani
"{""contact_id"": 5149, ""name"": ""Miriam Oquendo"", ""email"": ""miriam.oquendo@smith-watson.biz""}",miriam.oquendo@smith-watson.biz,5149,Miriam,Oquendo
"{""contact_id"": 2153, ""name"": ""Monica Mohaupt"", ""email"": ""monica.mohaupt@live.com""}",monica.mohaupt@live.com,2153,Monica,Mohaupt
"{""contact_id"": 2767, ""name"": ""Alec Ho"", ""email"": ""alec.ho@parra-esparza.com""}",alec.ho@parra-esparza.com,2767,Alec,Ho
"{""contact_id"": 5124, ""name"": ""Harry Fouquet"", ""email"": ""harry.fouquet@ibarra-cooper.com""}",harry.fouquet@ibarra-cooper.com,5124,Harry,Fouquet
"{""contact_id"": 2097, ""name"": ""Arcelia Babati"", ""email"": ""arcelia.babati@orange.fr""}",arcelia.babati@orange.fr,2097,Arcelia,Babati
"{""contact_id"": 4796, ""name"": ""Trinidad Vespa"", ""email"": ""trinidad.vespa@gmail.com""}",trinidad.vespa@gmail.com,4796,Trinidad,Vespa
"{""contact_id"": 5849, ""name"": ""Colette Ryan"", ""email"": ""colette.ryan@hotmail.com""}",colette.ryan@hotmail.com,5849,Colette,Ryan
"{""contact_id"": 1495, ""name"": ""Richard Andre"", ""email"": ""richard.andre@porras.org""}",richard.andre@porras.org,1495,Richard,Andre
"{""contact_id"": 2462, ""name"": ""Ellinor Leclercq"", ""email"": ""ellinor.leclercq@gmail.com""}",ellinor.leclercq@gmail.com,2462,Ellinor,Leclercq
"{""contact_id"": 2280, ""name"": ""Patricio Guillon"", ""email"": ""patricio.guillon@web.de""}",patricio.guillon@web.de,2280,Patricio,Guillon
"{""contact_id"": 1877, ""name"": ""Kirsten Chindamo"", ""email"": ""kirsten.chindamo@carrillo-wall.com""}",kirsten.chindamo@carrillo-wall.com,1877,Kirsten,Chindamo
"{""contact_id"": 6108, ""name"": ""Leo Petruzzi"", ""email"": ""leo.petruzzi@yahoo.com""}",leo.petruzzi@yahoo.com,6108,Leo,Petruzzi
"{""contact_id"": 4427, ""name"": ""Margot Tomaselli"", ""email"": ""margot.tomaselli@junck.org""}",margot.tomaselli@junck.org,4427,Margot,Tomaselli
"{""contact_id"": 2881, ""name"": ""Ansaldo Marks"", ""email"": ""ansaldo.marks@patel-odonnell.com""}",ansaldo.marks@patel-odonnell.com,2881,Ansaldo,Marks
"{""contact_id"": 2339, ""name"": ""Regina Morin"", ""email"": ""regina.morin@barcaccia.net""}",regina.morin@barcaccia.net,2339,Regina,Morin
"{""contact_id"": 5156, ""name"": ""Karla Medici"", ""email"": ""karla.medici@yahoo.com""}",karla.medici@yahoo.com,5156,Karla,Medici
"{""contact_id"": 4750, ""name"": ""Morgan Irizarry"", ""email"": ""morgan.irizarry@williams-harris.biz""}",morgan.irizarry@williams-harris.biz,4750,Morgan,Irizarry
"{""contact_id"": 4852, ""name"": ""Natividad Wong"", ""email"": ""natividad.wong@hoevel.com""}",natividad.wong@hoevel.com,4852,Natividad,Wong
"{""contact_id"": 5734, ""name"": ""Anna Freeman"", ""email"": ""anna.freeman@snyder.net""}",anna.freeman@snyder.net,5734,Anna,Freeman
"{""contact_id"": 3801, ""name"": ""Emilia Vivaldi"", ""email"": ""emilia.vivaldi@garnier.fr""}",emilia.vivaldi@garnier.fr,3801,Emilia,Vivaldi
"{""contact_id"": 4474, ""name"": ""Gerda Cook"", ""email"": ""gerda.cook@tin.it""}",gerda.cook@tin.it,4474,Gerda,Cook
"{""contact_id"": 1992, ""name"": ""Andrey Faure"", ""email"": ""andrey.faure@frederick-mitchell.info""}",andrey.faure@frederick-mitchell.info,1992,Andrey,Faure
"{""contact_id"": 5796, ""name"": ""Charlotte Duke"", ""email"": ""charlotte.duke@ochoa.org""}",charlotte.duke@ochoa.org,5796,Charlotte,Duke
"{""contact_id"": 1373, ""name"": ""Cindy Castillo"", ""email"": ""cindy.castillo@virgilio.it""}",cindy.castillo@virgilio.it,1373,Cindy,Castillo
"{""contact_id"": 1879, ""name"": ""Hiltrud Thibault"", ""email"": ""hiltrud.thibault@barbe.com""}",hiltrud.thibault@barbe.com,1879,Hiltrud,Thibault
"{""contact_id"": 3072, ""name"": ""Kasimir Jaime"", ""email"": ""kasimir.jaime@gmail.com""}",kasimir.jaime@gmail.com,3072,Kasimir,Jaime
"{""contact_id"": 4561, ""name"": ""Sabine Lachmann"", ""email"": ""sabine.lachmann@phillips.org""}",sabine.lachmann@phillips.org,4561,Sabine,Lachmann
"{""contact_id"": 5201, ""name"": ""Andrea Arroyo"", ""email"": ""andrea.arroyo@yahoo.com.au""}",andrea.arroyo@yahoo.com.au,5201,Andrea,Arroyo
"{""contact_id"": 5871, ""name"": ""Matthew Velasquez"", ""email"": ""matthew.velasquez@gmail.com""}",matthew.velasquez@gmail.com,5871,Matthew,Velasquez
"{""contact_id"": 3041, ""name"": ""Severino Linares"", ""email"": ""severino.linares@angeli.com""}",severino.linares@angeli.com,3041,Severino,Linares
"{""contact_id"": 5864, ""name"": ""Swantje Lomeli"", ""email"": ""swantje.lomeli@gmx.de""}",swantje.lomeli@gmx.de,5864,Swantje,Lomeli
"{""contact_id"": 3999, ""name"": ""Marcus Espino"", ""email"": ""marcus.espino@comolli.eu""}",marcus.espino@comolli.eu,3999,Marcus,Espino
"{""contact_id"": 4849, ""name"": ""Allen Gates"", ""email"": ""allen.gates@gmail.com""}",allen.gates@gmail.com,4849,Allen,Gates
"{""contact_id"": 5461, ""name"": ""Mauricio Saunders"", ""email"": ""mauricio.saunders@hotmail.co.uk""}",mauricio.saunders@hotmail.co.uk,5461,Mauricio,Saunders
"{""contact_id"": 5946, ""name"": ""Gilbert Cornejo"", ""email"": ""gilbert.cornejo@hotmail.com""}",gilbert.cornejo@hotmail.com,5946,Gilbert,Cornejo
"{""contact_id"": 4508, ""name"": ""Letizia Gulotta"", ""email"": ""letizia.gulotta@howard.biz""}",letizia.gulotta@howard.biz,4508,Letizia,Gulotta
"{""contact_id"": 5096, ""name"": ""Etta Gutknecht"", ""email"": ""etta.gutknecht@leconte.net""}",etta.gutknecht@leconte.net,5096,Etta,Gutknecht
"{""contact_id"": 5443, ""name"": ""Shelley Perry"", ""email"": ""shelley.perry@gierschner.de""}",shelley.perry@gierschner.de,5443,Shelley,Perry
"{""contact_id"": 2165, ""name"": ""Geoffrey Williams"", ""email"": ""geoffrey.williams@poste.it""}",geoffrey.williams@poste.it,2165,Geoffrey,Williams
"{""contact_id"": 2125, ""name"": ""Cory Stewart"", ""email"": ""cory.stewart@voila.fr""}",cory.stewart@voila.fr,2125,Cory,Stewart
"{""contact_id"": 6141, ""name"": ""Kristy Bartlett"", ""email"": ""kristy.bartlett@outlook.com""}",kristy.bartlett@outlook.com,6141,Kristy,Bartlett
"{""contact_id"": 5245, ""name"": ""Gianluca Beck"", ""email"": ""gianluca.beck@green.biz""}",gianluca.beck@green.biz,5245,Gianluca,Beck
"{""contact_id"": 2190, ""name"": ""Guido Krein"", ""email"": ""guido.krein@gmail.com""}",guido.krein@gmail.com,2190,Guido,Krein
"{""contact_id"": 2243, ""name"": ""Leif Monnier"", ""email"": ""leif.monnier@querini.it""}",leif.monnier@querini.it,2243,Leif,Monnier
"{""contact_id"": 3336, ""name"": ""Jonas Badoer"", ""email"": ""jonas.badoer@kennedy.biz""}",jonas.badoer@kennedy.biz,3336,Jonas,Badoer
"{""contact_id"": 3305, ""name"": ""Devin Ebert"", ""email"": ""devin.ebert@yahoo.fr""}",devin.ebert@yahoo.fr,3305,Devin,Ebert
"{""contact_id"": 6191, ""name"": ""Slobodan Camiscione"", ""email"": ""slobodan.camiscione@hotmail.com""}",slobodan.camiscione@hotmail.com,6191,Slobodan,Camiscione
"{""contact_id"": 1326, ""name"": ""Volkmar Gauthier"", ""email"": ""volkmar.gauthier@hotmail.com""}",volkmar.gauthier@hotmail.com,1326,Volkmar,Gauthier
"{""contact_id"": 6159, ""name"": ""Jordan Rowe"", ""email"": ""jordan.rowe@outlook.com""}",jordan.rowe@outlook.com,6159,Jordan,Rowe
"{""contact_id"": 2003, ""name"": ""Manon Daugherty"", ""email"": ""manon.daugherty@segre.com""}",manon.daugherty@segre.com,2003,Manon,Daugherty
"{""contact_id"": 5881, ""name"": ""Estela Segovia"", ""email"": ""estela.segovia@vodafone.it""}",estela.segovia@vodafone.it,5881,Estela,Segovia
"{""contact_id"": 1918, ""name"": ""Giada Celentano"", ""email"": ""giada.celentano@evans.net""}",giada.celentano@evans.net,1918,Giada,Celentano
"{""contact_id"": 2157, ""name"": ""Clayton Salcedo"", ""email"": ""clayton.salcedo@hotmail.co.uk""}",clayton.salcedo@hotmail.co.uk,2157,Clayton,Salcedo
"{""contact_id"": 3149, ""name"": ""Raven Pinto"", ""email"": ""raven.pinto@hotmail.com""}",raven.pinto@hotmail.com,3149,Raven,Pinto
"{""contact_id"": 2444, ""name"": ""Lewis Lewis"", ""email"": ""lewis.lewis@pisano.net""}",lewis.lewis@pisano.net,2444,Lewis,Lewis
"{""contact_id"": 6207, ""name"": ""Rochus Rousseau"", ""email"": ""rochus.rousseau@nguyen.com""}",rochus.rousseau@nguyen.com,6207,Rochus,Rousseau
"{""contact_id"": 5580, ""name"": ""Belinda Gamez"", ""email"": ""belinda.gamez@leleu.com""}",belinda.gamez@leleu.com,5580,Belinda,Gamez
"{""contact_id"": 5942, ""name"": ""Angelo Lozano"", ""email"": ""angelo.lozano@macias.com""}",angelo.lozano@macias.com,5942,Angelo,Lozano
"{""contact_id"": 1592, ""name"": ""Jorge Monti"", ""email"": ""jorge.monti@clement.fr""}",jorge.monti@clement.fr,1592,Jorge,Monti
"{""contact_id"": 2344, ""name"": ""Ricky Harrell"", ""email"": ""ricky.harrell@martin.edu""}",ricky.harrell@martin.edu,2344,Ricky,Harrell
"{""contact_id"": 5995, ""name"": ""Adriano Wulf"", ""email"": ""adriano.wulf@schmidtke.net""}",adriano.wulf@schmidtke.net,5995,Adriano,Wulf
"{""contact_id"": 5022, ""name"": ""Pompeo Bourdon"", ""email"": ""pompeo.bourdon@gmail.com""}",pompeo.bourdon@gmail.com,5022,Pompeo,Bourdon
"{""contact_id"": 5991, ""name"": ""Kristie Garrett"", ""email"": ""kristie.garrett@wernecke.com""}",kristie.garrett@wernecke.com,5991,Kristie,Garrett
"{""contact_id"": 4020, ""name"": ""Lodovico Conley"", ""email"": ""lodovico.conley@yahoo.com""}",lodovico.conley@yahoo.com,4020,Lodovico,Conley
"{""contact_id"": 6028, ""name"": ""Jean Berthelot"", ""email"": ""jean.berthelot@oscuro.it""}",jean.berthelot@oscuro.it,6028,Jean,Berthelot
"{""contact_id"": 2790, ""name"": ""Tadeusz Medina"", ""email"": ""tadeusz.medina@jackson-clark.net""}",tadeusz.medina@jackson-clark.net,2790,Tadeusz,Medina
"{""contact_id"": 4033, ""name"": ""Ruby Carriera"", ""email"": ""ruby.carriera@hotmail.it""}",ruby.carriera@hotmail.it,4033,Ruby,Carriera
"{""contact_id"": 1261, ""name"": ""Theres Antonioni"", ""email"": ""theres.antonioni@hotmail.com""}",theres.antonioni@hotmail.com,1261,Theres,Antonioni
"{""contact_id"": 1979, ""name"": ""Gloria Morton"", ""email"": ""gloria.morton@outlook.com""}",gloria.morton@outlook.com,1979,Gloria,Morton
"{""contact_id"": 2122, ""name"": ""Graziano Jensen"", ""email"": ""graziano.jensen@gmail.com""}",graziano.jensen@gmail.com,2122,Graziano,Jensen
"{""contact_id"": 4506, ""name"": ""Gianpaolo Massey"", ""email"": ""gianpaolo.massey@bouvier.com""}",gianpaolo.massey@bouvier.com,4506,Gianpaolo,Massey
"{""contact_id"": 3016, ""name"": ""Alain Farmer"", ""email"": ""alain.farmer@hotmail.it""}",alain.farmer@hotmail.it,3016,Alain,Farmer
"{""contact_id"": 3272, ""name"": ""Renato Murillo"", ""email"": ""renato.murillo@club.com""}",renato.murillo@club.com,3272,Renato,Murillo
"{""contact_id"": 1375, ""name"": ""Edda Ferraris"", ""email"": ""edda.ferraris@libero.it""}",edda.ferraris@libero.it,1375,Edda,Ferraris
"{""contact_id"": 4014, ""name"": ""Luce Marty"", ""email"": ""luce.marty@waehner.org""}",luce.marty@waehner.org,4014,Luce,Marty
"{""contact_id"": 3199, ""name"": ""Rotraud Mitchell"", ""email"": ""rotraud.mitchell@laboratorios.com""}",rotraud.mitchell@laboratorios.com,3199,Rotraud,Mitchell
"{""contact_id"": 2184, ""name"": ""Israel Watkins"", ""email"": ""israel.watkins@hotmail.com""}",israel.watkins@hotmail.com,2184,Israel,Watkins
"{""contact_id"": 2170, ""name"": ""Nathan Jennings"", ""email"": ""nathan.jennings@kim.com""}",nathan.jennings@kim.com,2170,Nathan,Jennings
"{""contact_id"": 1478, ""name"": ""Gavin Proietti"", ""email"": ""gavin.proietti@gmx.de""}",gavin.proietti@gmx.de,1478,Gavin,Proietti
"{""contact_id"": 6163, ""name"": ""Emma Rios"", ""email"": ""emma.rios@yahoo.com.au""}",emma.rios@yahoo.com.au,6163,Emma,Rios
"{""contact_id"": 1889, ""name"": ""Todd Douglas"", ""email"": ""todd.douglas@web.de""}",todd.douglas@web.de,1889,Todd,Douglas
"{""contact_id"": 5912, ""name"": ""Oscar Holsten"", ""email"": ""oscar.holsten@yahoo.com""}",oscar.holsten@yahoo.com,5912,Oscar,Holsten
"{""contact_id"": 2537, ""name"": ""Ann Peron"", ""email"": ""ann.peron@grupo.biz""}",ann.peron@grupo.biz,2537,Ann,Peron
"{""contact_id"": 2118, ""name"": ""Senta Grassi"", ""email"": ""senta.grassi@hotmail.com""}",senta.grassi@hotmail.com,2118,Senta,Grassi
"{""contact_id"": 3234, ""name"": ""Kata Mena"", ""email"": ""kata.mena@gmail.com""}",kata.mena@gmail.com,3234,Kata,Mena
"{""contact_id"": 3842, ""name"": ""Gianfranco Hethur"", ""email"": ""gianfranco.hethur@stewart-lee.com.au""}",gianfranco.hethur@stewart-lee.com.au,3842,Gianfranco,Hethur
"{""contact_id"": 3032, ""name"": ""Florentine Saraceno"", ""email"": ""florentine.saraceno@gmail.com""}",florentine.saraceno@gmail.com,3032,Florentine,Saraceno
"{""contact_id"": 3238, ""name"": ""Giuliano Bolzmann"", ""email"": ""giuliano.bolzmann@pacillo.it""}",giuliano.bolzmann@pacillo.it,3238,Giuliano,Bolzmann
"{""contact_id"": 2059, ""name"": ""Alwine Kostolzin"", ""email"": ""alwine.kostolzin@holloway.com""}",alwine.kostolzin@holloway.com,2059,Alwine,Kostolzin
"{""contact_id"": 5238, ""name"": ""Giacinto Briggs"", ""email"": ""giacinto.briggs@yahoo.co.uk""}",giacinto.briggs@yahoo.co.uk,5238,Giacinto,Briggs
"{""contact_id"": 2578, ""name"": ""Holly Negrete"", ""email"": ""holly.negrete@hotmail.com""}",holly.negrete@hotmail.com,2578,Holly,Negrete
"{""contact_id"": 4789, ""name"": ""Mark Trapanese"", ""email"": ""mark.trapanese@gmail.com""}",mark.trapanese@gmail.com,4789,Mark,Trapanese
"{""contact_id"": 2357, ""name"": ""Alyssa Brun"", ""email"": ""alyssa.brun@chittolini-spadafora.it""}",alyssa.brun@chittolini-spadafora.it,2357,Alyssa,Brun
"{""contact_id"": 1235, ""name"": ""Cristina Chevalier"", ""email"": ""cristina.chevalier@proyectos.com""}",cristina.chevalier@proyectos.com,1235,Cristina,Chevalier
"{""contact_id"": 3558, ""name"": ""Shannon Lefevre"", ""email"": ""shannon.lefevre@gmail.com""}",shannon.lefevre@gmail.com,3558,Shannon,Lefevre
"{""contact_id"": 1707, ""name"": ""Logan Hornich"", ""email"": ""logan.hornich@tin.it""}",logan.hornich@tin.it,1707,Logan,Hornich
"{""contact_id"": 2842, ""name"": ""Rosalia Toro"", ""email"": ""rosalia.toro@free.fr""}",rosalia.toro@free.fr,2842,Rosalia,Toro
"{""contact_id"": 5318, ""name"": ""Reiner Poerio"", ""email"": ""reiner.poerio@yahoo.com""}",reiner.poerio@yahoo.com,5318,Reiner,Poerio
"{""contact_id"": 1620, ""name"": ""Valentina Pages"", ""email"": ""valentina.pages@hotmail.de""}",valentina.pages@hotmail.de,1620,Valentina,Pages
"{""contact_id"": 4998, ""name"": ""Enrico Fabre"", ""email"": ""enrico.fabre@gmail.com""}",enrico.fabre@gmail.com,4998,Enrico,Fabre
"{""contact_id"": 3111, ""name"": ""Sevim Begue"", ""email"": ""sevim.begue@yahoo.com.au""}",sevim.begue@yahoo.com.au,3111,Sevim,Begue
"{""contact_id"": 1424, ""name"": ""Sonja Patberg"", ""email"": ""sonja.patberg@hotmail.com""}",sonja.patberg@hotmail.com,1424,Sonja,Patberg
"{""contact_id"": 3244, ""name"": ""Christine Hiller"", ""email"": ""christine.hiller@yahoo.com""}",christine.hiller@yahoo.com,3244,Christine,Hiller
"{""contact_id"": 4643, ""name"": ""Maik Beasley"", ""email"": ""maik.beasley@harper-brooks.biz""}",maik.beasley@harper-brooks.biz,4643,Maik,Beasley
"{""contact_id"": 6132, ""name"": ""Elliot Santana"", ""email"": ""elliot.santana@gmx.de""}",elliot.santana@gmx.de,6132,Elliot,Santana
"{""contact_id"": 3790, ""name"": ""Eloy Renzi"", ""email"": ""eloy.renzi@gmail.com""}",eloy.renzi@gmail.com,3790,Eloy,Renzi
"{""contact_id"": 1312, ""name"": ""Wolf Lutz"", ""email"": ""wolf.lutz@nichols-jackson.com.au""}",wolf.lutz@nichols-jackson.com.au,1312,Wolf,Lutz
"{""contact_id"": 5686, ""name"": ""Giuseppe Lee"", ""email"": ""giuseppe.lee@mahe.org""}",giuseppe.lee@mahe.org,5686,Giuseppe,Lee
"{""contact_id"": 2111, ""name"": ""Angelica Cuellar"", ""email"": ""angelica.cuellar@zaguri-bellucci.net""}",angelica.cuellar@zaguri-bellucci.net,2111,Angelica,Cuellar
"{""contact_id"": 5685, ""name"": ""Bekir Normand"", ""email"": ""bekir.normand@yahoo.de""}",bekir.normand@yahoo.de,5685,Bekir,Normand
"{""contact_id"": 1905, ""name"": ""Carmine Gonzales"", ""email"": ""carmine.gonzales@schleich.net""}",carmine.gonzales@schleich.net,1905,Carmine,Gonzales
"{""contact_id"": 3271, ""name"": ""Marianne Hubert"", ""email"": ""marianne.hubert@hotmail.com""}",marianne.hubert@hotmail.com,3271,Marianne,Hubert
"{""contact_id"": 4178, ""name"": ""Gonzalo Montes"", ""email"": ""gonzalo.montes@hotmail.com""}",gonzalo.montes@hotmail.com,4178,Gonzalo,Montes
"{""contact_id"": 3275, ""name"": ""Shelly Guichard"", ""email"": ""shelly.guichard@gmail.com""}",shelly.guichard@gmail.com,3275,Shelly,Guichard
"{""contact_id"": 5713, ""name"": ""Tobias Carbajal"", ""email"": ""tobias.carbajal@live.com""}",tobias.carbajal@live.com,5713,Tobias,Carbajal
"{""contact_id"": 3339, ""name"": ""Santiago Berry"", ""email"": ""santiago.berry@aol.de""}",santiago.berry@aol.de,3339,Santiago,Berry
"{""contact_id"": 5585, ""name"": ""Emilio Davenport"", ""email"": ""emilio.davenport@zamora-russo.net""}",emilio.davenport@zamora-russo.net,5585,Emilio,Davenport
"{""contact_id"": 4407, ""name"": ""Maurizio Gute"", ""email"": ""maurizio.gute@knight.info""}",maurizio.gute@knight.info,4407,Maurizio,Gute
"{""contact_id"": 1941, ""name"": ""Nadia Travaglio"", ""email"": ""nadia.travaglio@colletti-broggini.com""}",nadia.travaglio@colletti-broggini.com,1941,Nadia,Travaglio
"{""contact_id"": 4690, ""name"": ""Elisa Barkholz"", ""email"": ""elisa.barkholz@sfr.fr""}",elisa.barkholz@sfr.fr,4690,Elisa,Barkholz
"{""contact_id"": 3607, ""name"": ""Cristal Mazzini"", ""email"": ""cristal.mazzini@gmail.com""}",cristal.mazzini@gmail.com,3607,Cristal,Mazzini
"{""contact_id"": 2670, ""name"": ""Trevor Granados"", ""email"": ""trevor.granados@gmail.com""}",trevor.granados@gmail.com,2670,Trevor,Granados
"{""contact_id"": 5261, ""name"": ""Matthieu Mcdonald"", ""email"": ""matthieu.mcdonald@morrison.org""}",matthieu.mcdonald@morrison.org,5261,Matthieu,Mcdonald
"{""contact_id"": 4121, ""name"": ""Juliette Preston"", ""email"": ""juliette.preston@gmail.com""}",juliette.preston@gmail.com,4121,Juliette,Preston
"{""contact_id"": 4620, ""name"": ""Stanislaw Montalvo"", ""email"": ""stanislaw.montalvo@mcpherson-hughes.info""}",stanislaw.montalvo@mcpherson-hughes.info,4620,Stanislaw,Montalvo
"{""contact_id"": 4630, ""name"": ""Lilia Lollobrigida"", ""email"": ""lilia.lollobrigida@le.com""}",lilia.lollobrigida@le.com,4630,Lilia,Lollobrigida
"{""contact_id"": 3440, ""name"": ""Brigitta Shaw"", ""email"": ""brigitta.shaw@hotmail.co.uk""}",brigitta.shaw@hotmail.co.uk,3440,Brigitta,Shaw
"{""contact_id"": 3572, ""name"": ""Rebeca Frey"", ""email"": ""rebeca.frey@gerard.fr""}",rebeca.frey@gerard.fr,3572,Rebeca,Frey
"{""contact_id"": 5306, ""name"": ""Nicolas Palacios"", ""email"": ""nicolas.palacios@meraz.com""}",nicolas.palacios@meraz.com,5306,Nicolas,Palacios
"{""contact_id"": 5122, ""name"": ""Susanna Bonneau"", ""email"": ""susanna.bonneau@klingelhoefer.de""}",susanna.bonneau@klingelhoefer.de,5122,Susanna,Bonneau
"{""contact_id"": 1368, ""name"": ""Romina Valentine"", ""email"": ""romina.valentine@hotmail.com""}",romina.valentine@hotmail.com,1368,Romina,Valentine
"{""contact_id"": 5370, ""name"": ""Erika Toussaint"", ""email"": ""erika.toussaint@sfr.fr""}",erika.toussaint@sfr.fr,5370,Erika,Toussaint
"{""contact_id"": 5636, ""name"": ""Lothar Laurent"", ""email"": ""lothar.laurent@garcia.com.au""}",lothar.laurent@garcia.com.au,5636,Lothar,Laurent
"{""contact_id"": 6033, ""name"": ""Chelsea Verdugo"", ""email"": ""chelsea.verdugo@campbell.com""}",chelsea.verdugo@campbell.com,6033,Chelsea,Verdugo
"{""contact_id"": 3599, ""name"": ""Ria Venier"", ""email"": ""ria.venier@murillo-estevez.com""}",ria.venier@murillo-estevez.com,3599,Ria,Venier
"{""contact_id"": 5566, ""name"": ""Carly Summers"", ""email"": ""carly.summers@yahoo.co.uk""}",carly.summers@yahoo.co.uk,5566,Carly,Summers
"{""contact_id"": 1873, ""name"": ""Pasquale Tomasini"", ""email"": ""pasquale.tomasini@hotmail.co.uk""}",pasquale.tomasini@hotmail.co.uk,1873,Pasquale,Tomasini
"{""contact_id"": 3904, ""name"": ""Stefani Ughi"", ""email"": ""stefani.ughi@hotmail.it""}",stefani.ughi@hotmail.it,3904,Stefani,Ughi
"{""contact_id"": 4453, ""name"": ""Jose Huang"", ""email"": ""jose.huang@gmx.de""}",jose.huang@gmx.de,4453,Jose,Huang
"{""contact_id"": 5481, ""name"": ""Petros Gaona"", ""email"": ""petros.gaona@googlemail.com""}",petros.gaona@googlemail.com,5481,Petros,Gaona
"{""contact_id"": 2987, ""name"": ""Maximilian Siering"", ""email"": ""maximilian.siering@gaito-fornaciari.org""}",maximilian.siering@gaito-fornaciari.org,2987,Maximilian,Siering
"{""contact_id"": 2431, ""name"": ""Ermenegildo Holzapfel"", ""email"": ""ermenegildo.holzapfel@aol.de""}",ermenegildo.holzapfel@aol.de,2431,Ermenegildo,Holzapfel
"{""contact_id"": 4158, ""name"": ""Damien Leger"", ""email"": ""damien.leger@dixon.biz""}",damien.leger@dixon.biz,4158,Damien,Leger
"{""contact_id"": 3753, ""name"": ""Zeferino Barrera"", ""email"": ""zeferino.barrera@zedillo-velazquez.com""}",zeferino.barrera@zedillo-velazquez.com,3753,Zeferino,Barrera
"{""contact_id"": 4391, ""name"": ""Alfred Pohl"", ""email"": ""alfred.pohl@fechner.net""}",alfred.pohl@fechner.net,4391,Alfred,Pohl
"{""contact_id"": 2026, ""name"": ""Marissa Gaito"", ""email"": ""marissa.gaito@reed-campbell.edu""}",marissa.gaito@reed-campbell.edu,2026,Marissa,Gaito
"{""contact_id"": 4547, ""name"": ""Ariana Houston"", ""email"": ""ariana.houston@hotmail.it""}",ariana.houston@hotmail.it,4547,Ariana,Houston
"{""contact_id"": 2798, ""name"": ""Victor Jacobs"", ""email"": ""victor.jacobs@young.com""}",victor.jacobs@young.com,2798,Victor,Jacobs
"{""contact_id"": 4732, ""name"": ""Henriette Lang"", ""email"": ""henriette.lang@mimun.it""}",henriette.lang@mimun.it,4732,Henriette,Lang
"{""contact_id"": 5126, ""name"": ""Wilfriede Baca"", ""email"": ""wilfriede.baca@caraballo.com""}",wilfriede.baca@caraballo.com,5126,Wilfriede,Baca
"{""contact_id"": 5151, ""name"": ""Lucia Riviere"", ""email"": ""lucia.riviere@samaniego.biz""}",lucia.riviere@samaniego.biz,5151,Lucia,Riviere
"{""contact_id"": 2134, ""name"": ""Gordon Vigorelli"", ""email"": ""gordon.vigorelli@solano.com""}",gordon.vigorelli@solano.com,2134,Gordon,Vigorelli
"{""contact_id"": 5786, ""name"": ""Diethard Salgado"", ""email"": ""diethard.salgado@gmail.com""}",diethard.salgado@gmail.com,5786,Diethard,Salgado
"{""contact_id"": 5515, ""name"": ""Sue Corrales"", ""email"": ""sue.corrales@cardenas-serna.org""}",sue.corrales@cardenas-serna.org,5515,Sue,Corrales
"{""contact_id"": 4530, ""name"": ""Arthur Salazar"", ""email"": ""arthur.salazar@yahoo.com.au""}",arthur.salazar@yahoo.com.au,4530,Arthur,Salazar
"{""contact_id"": 4088, ""name"": ""Fortunata Schneider"", ""email"": ""fortunata.schneider@tiscali.it""}",fortunata.schneider@tiscali.it,4088,Fortunata,Schneider
"{""contact_id"": 3667, ""name"": ""Gretchen Serna"", ""email"": ""gretchen.serna@pichon.org""}",gretchen.serna@pichon.org,3667,Gretchen,Serna
"{""contact_id"": 3286, ""name"": ""Egon Caron"", ""email"": ""egon.caron@hotmail.com""}",egon.caron@hotmail.com,3286,Egon,Caron
"{""contact_id"": 4804, ""name"": ""Roberta Finzi"", ""email"": ""roberta.finzi@knight-davies.co.uk""}",roberta.finzi@knight-davies.co.uk,4804,Roberta,Finzi
"{""contact_id"": 5768, ""name"": ""Editha Savage"", ""email"": ""editha.savage@davies.co.uk""}",editha.savage@davies.co.uk,5768,Editha,Savage
"{""contact_id"": 6098, ""name"": ""Allan Emanuelli"", ""email"": ""allan.emanuelli@fernandes.org""}",allan.emanuelli@fernandes.org,6098,Allan,Emanuelli
"{""contact_id"": 2508, ""name"": ""Laurence Lucero"", ""email"": ""laurence.lucero@martin.org""}",laurence.lucero@martin.org,2508,Laurence,Lucero
"{""contact_id"": 5779, ""name"": ""Istvan Draghi"", ""email"": ""istvan.draghi@ifrance.com""}",istvan.draghi@ifrance.com,5779,Istvan,Draghi
"{""contact_id"": 1717, ""name"": ""Luigi Bonnet"", ""email"": ""luigi.bonnet@carriera-federico.it""}",luigi.bonnet@carriera-federico.it,1717,Luigi,Bonnet
"{""contact_id"": 3368, ""name"": ""Yuridia Fantozzi"", ""email"": ""yuridia.fantozzi@mcdonald.com""}",yuridia.fantozzi@mcdonald.com,3368,Yuridia,Fantozzi
"{""contact_id"": 4265, ""name"": ""Eraldo Schmiedt"", ""email"": ""eraldo.schmiedt@hotmail.de""}",eraldo.schmiedt@hotmail.de,4265,Eraldo,Schmiedt
"{""contact_id"": 4455, ""name"": ""Antoinette Cox"", ""email"": ""antoinette.cox@bustamante.com""}",antoinette.cox@bustamante.com,4455,Antoinette,Cox
"{""contact_id"": 2940, ""name"": ""Cameron Ocampo"", ""email"": ""cameron.ocampo@hotmail.com.au""}",cameron.ocampo@hotmail.com.au,2940,Cameron,Ocampo
"{""contact_id"": 6144, ""name"": ""Lynn Lawson"", ""email"": ""lynn.lawson@leclercq.com""}",lynn.lawson@leclercq.com,6144,Lynn,Lawson
"{""contact_id"": 3657, ""name"": ""Natalia Seifert"", ""email"": ""natalia.seifert@ifrance.com""}",natalia.seifert@ifrance.com,3657,Natalia,Seifert
"{""contact_id"": 1537, ""name"": ""Nuray Anguillara"", ""email"": ""nuray.anguillara@yahoo.co.uk""}",nuray.anguillara@yahoo.co.uk,1537,Nuray,Anguillara
"{""contact_id"": 2116, ""name"": ""Beate Morgan"", ""email"": ""beate.morgan@gmail.com""}",beate.morgan@gmail.com,2116,Beate,Morgan
"{""contact_id"": 5102, ""name"": ""Mario Rees"", ""email"": ""mario.rees@gmx.de""}",mario.rees@gmx.de,5102,Mario,Rees
"{""contact_id"": 5815, ""name"": ""Galasso Junken"", ""email"": ""galasso.junken@yahoo.co.uk""}",galasso.junken@yahoo.co.uk,5815,Galasso,Junken
"{""contact_id"": 4250, ""name"": ""Luca Moses"", ""email"": ""luca.moses@franke.de""}",luca.moses@franke.de,4250,Luca,Moses
"{""contact_id"": 4533, ""name"": ""Aurelio Gertz"", ""email"": ""aurelio.gertz@hewitt.net""}",aurelio.gertz@hewitt.net,4533,Aurelio,Gertz
"{""contact_id"": 3329, ""name"": ""Uberto Steele"", ""email"": ""uberto.steele@outlook.com""}",uberto.steele@outlook.com,3329,Uberto,Steele
"{""contact_id"": 3606, ""name"": ""Annie Hunter"", ""email"": ""annie.hunter@allen.co.uk""}",annie.hunter@allen.co.uk,3606,Annie,Hunter
"{""contact_id"": 4749, ""name"": ""Jo Mccarty"", ""email"": ""jo.mccarty@hotmail.com""}",jo.mccarty@hotmail.com,4749,Jo,Mccarty
"{""contact_id"": 2222, ""name"": ""Eitel Lombard"", ""email"": ""eitel.lombard@thomas.net""}",eitel.lombard@thomas.net,2222,Eitel,Lombard
"{""contact_id"": 1939, ""name"": ""Susan Vigliotti"", ""email"": ""susan.vigliotti@yahoo.co.uk""}",susan.vigliotti@yahoo.co.uk,1939,Susan,Vigliotti
"{""contact_id"": 2456, ""name"": ""Jacqueline Germano"", ""email"": ""jacqueline.germano@valette.fr""}",jacqueline.germano@valette.fr,2456,Jacqueline,Germano
"{""contact_id"": 2794, ""name"": ""Fidel Ruppert"", ""email"": ""fidel.ruppert@yahoo.co.uk""}",fidel.ruppert@yahoo.co.uk,2794,Fidel,Ruppert
"{""contact_id"": 2648, ""name"": ""Margaret Eigenwillig"", ""email"": ""margaret.eigenwillig@yahoo.com""}",margaret.eigenwillig@yahoo.com,2648,Margaret,Eigenwillig
"{""contact_id"": 2545, ""name"": ""Yvette Harding"", ""email"": ""yvette.harding@yahoo.co.uk""}",yvette.harding@yahoo.co.uk,2545,Yvette,Harding
"{""contact_id"": 3273, ""name"": ""Federigo Karge"", ""email"": ""federigo.karge@bohlander.com""}",federigo.karge@bohlander.com,3273,Federigo,Karge
"{""contact_id"": 6155, ""name"": ""Guenther Armenta"", ""email"": ""guenther.armenta@free.fr""}",guenther.armenta@free.fr,6155,Guenther,Armenta
"{""contact_id"": 6064, ""name"": ""Coriolano Higgins"", ""email"": ""coriolano.higgins@murphy.org.au""}",coriolano.higgins@murphy.org.au,6064,Coriolano,Higgins
"{""contact_id"": 1729, ""name"": ""Felix Rubio"", ""email"": ""felix.rubio@ebert.de""}",felix.rubio@ebert.de,1729,Felix,Rubio
"{""contact_id"": 4969, ""name"": ""Melanie Leveque"", ""email"": ""melanie.leveque@fleury.net""}",melanie.leveque@fleury.net,4969,Melanie,Leveque
"{""contact_id"": 3402, ""name"": ""Abbie Galeati"", ""email"": ""abbie.galeati@ubaldi.it""}",abbie.galeati@ubaldi.it,3402,Abbie,Galeati
"{""contact_id"": 2810, ""name"": ""Vittorio Caccioppoli"", ""email"": ""vittorio.caccioppoli@yahoo.com""}",vittorio.caccioppoli@yahoo.com,2810,Vittorio,Caccioppoli
"{""contact_id"": 2217, ""name"": ""Biagio Valenzuela"", ""email"": ""biagio.valenzuela@robinson.info""}",biagio.valenzuela@robinson.info,2217,Biagio,Valenzuela
"{""contact_id"": 5140, ""name"": ""Dario Green"", ""email"": ""dario.green@live.com""}",dario.green@live.com,5140,Dario,Green
"{""contact_id"": 4497, ""name"": ""Alwina Textor"", ""email"": ""alwina.textor@poste.it""}",alwina.textor@poste.it,4497,Alwina,Textor
"{""contact_id"": 5100, ""name"": ""Diether Baeza"", ""email"": ""diether.baeza@grupo.biz""}",diether.baeza@grupo.biz,5100,Diether,Baeza
"{""contact_id"": 3390, ""name"": ""Sole Trevino"", ""email"": ""sole.trevino@hotmail.com""}",sole.trevino@hotmail.com,3390,Sole,Trevino
"{""contact_id"": 1926, ""name"": ""Darren Bernardi"", ""email"": ""darren.bernardi@brooks-martin.com""}",darren.bernardi@brooks-martin.com,1926,Darren,Bernardi
"{""contact_id"": 3264, ""name"": ""Martina Heser"", ""email"": ""martina.heser@morellato.it""}",martina.heser@morellato.it,3264,Martina,Heser
"{""contact_id"": 2573, ""name"": ""Bethan Giacometti"", ""email"": ""bethan.giacometti@gmail.com""}",bethan.giacometti@gmail.com,2573,Bethan,Giacometti
"{""contact_id"": 3628, ""name"": ""Ethan Duhamel"", ""email"": ""ethan.duhamel@sfr.fr""}",ethan.duhamel@sfr.fr,3628,Ethan,Duhamel
"{""contact_id"": 3826, ""name"": ""Corrado Warren"", ""email"": ""corrado.warren@hotmail.com.au""}",corrado.warren@hotmail.com.au,3826,Corrado,Warren
"{""contact_id"": 5983, ""name"": ""Damian Pulido"", ""email"": ""damian.pulido@yahoo.de""}",damian.pulido@yahoo.de,5983,Damian,Pulido
"{""contact_id"": 5678, ""name"": ""Dino Osborne"", ""email"": ""dino.osborne@despacho.com""}",dino.osborne@despacho.com,5678,Dino,Osborne
"{""contact_id"": 2093, ""name"": ""Nicolaus Bernetti"", ""email"": ""nicolaus.bernetti@aol.de""}",nicolaus.bernetti@aol.de,2093,Nicolaus,Bernetti
"{""contact_id"": 5333, ""name"": ""Gianna Carroll"", ""email"": ""gianna.carroll@perez.com""}",gianna.carroll@perez.com,5333,Gianna,Carroll
"{""contact_id"": 5139, ""name"": ""Grit Knight"", ""email"": ""grit.knight@web.de""}",grit.knight@web.de,5139,Grit,Knight
"{""contact_id"": 3173, ""name"": ""Erin Weinhold"", ""email"": ""erin.weinhold@hotmail.fr""}",erin.weinhold@hotmail.fr,3173,Erin,Weinhold
"{""contact_id"": 3333, ""name"": ""Craig Jordan"", ""email"": ""craig.jordan@gmail.com""}",craig.jordan@gmail.com,3333,Craig,Jordan
"{""contact_id"": 2262, ""name"": ""Homero Respighi"", ""email"": ""homero.respighi@gmail.com""}",homero.respighi@gmail.com,2262,Homero,Respighi
"{""contact_id"": 1531, ""name"": ""Fanny Pertile"", ""email"": ""fanny.pertile@gmail.com""}",fanny.pertile@gmail.com,1531,Fanny,Pertile
"{""contact_id"": 4881, ""name"": ""Fridolin Comboni"", ""email"": ""fridolin.comboni@graf.com""}",fridolin.comboni@graf.com,4881,Fridolin,Comboni
"{""contact_id"": 3928, ""name"": ""Hugh Cantu"", ""email"": ""hugh.cantu@libero.it""}",hugh.cantu@libero.it,3928,Hugh,Cantu
"{""contact_id"": 1803, ""name"": ""Alphons Simmons"", ""email"": ""alphons.simmons@hotmail.com""}",alphons.simmons@hotmail.com,1803,Alphons,Simmons
"{""contact_id"": 2321, ""name"": ""Ludovico Cafarchia"", ""email"": ""ludovico.cafarchia@gmail.com""}",ludovico.cafarchia@gmail.com,2321,Ludovico,Cafarchia
"{""contact_id"": 6234, ""name"": ""Nico Kaiser"", ""email"": ""nico.kaiser@almonte.com""}",nico.kaiser@almonte.com,6234,Nico,Kaiser
"{""contact_id"": 1422, ""name"": ""Kirsty Lamy"", ""email"": ""kirsty.lamy@alonzi.it""}",kirsty.lamy@alonzi.it,1422,Kirsty,Lamy
"{""contact_id"": 2660, ""name"": ""Joshua Scheibe"", ""email"": ""joshua.scheibe@turci.org""}",joshua.scheibe@turci.org,2660,Joshua,Scheibe
"{""contact_id"": 5361, ""name"": ""Carin Pineau"", ""email"": ""carin.pineau@yahoo.com""}",carin.pineau@yahoo.com,5361,Carin,Pineau
"{""contact_id"": 3420, ""name"": ""Ellie Galarza"", ""email"": ""ellie.galarza@pareto-cattaneo.net""}",ellie.galarza@pareto-cattaneo.net,3420,Ellie,Galarza
"{""contact_id"": 4337, ""name"": ""Marion Lira"", ""email"": ""marion.lira@ifrance.com""}",marion.lira@ifrance.com,4337,Marion,Lira
"{""contact_id"": 2338, ""name"": ""Aurelia Angiolello"", ""email"": ""aurelia.angiolello@lord.com""}",aurelia.angiolello@lord.com,2338,Aurelia,Angiolello
"{""contact_id"": 4140, ""name"": ""Maura Ravaglioli"", ""email"": ""maura.ravaglioli@yahoo.com""}",maura.ravaglioli@yahoo.com,4140,Maura,Ravaglioli
"{""contact_id"": 2373, ""name"": ""Brunhilde Fletcher"", ""email"": ""brunhilde.fletcher@schomber.de""}",brunhilde.fletcher@schomber.de,2373,Brunhilde,Fletcher
"{""contact_id"": 1344, ""name"": ""Ottfried Marques"", ""email"": ""ottfried.marques@tyler-watson.info""}",ottfried.marques@tyler-watson.info,1344,Ottfried,Marques
"{""contact_id"": 2141, ""name"": ""Christelle Blasi"", ""email"": ""christelle.blasi@morris-chan.com""}",christelle.blasi@morris-chan.com,2141,Christelle,Blasi
"{""contact_id"": 3415, ""name"": ""Augusto Vercelloni"", ""email"": ""augusto.vercelloni@club-internet.fr""}",augusto.vercelloni@club-internet.fr,3415,Augusto,Vercelloni
"{""contact_id"": 5696, ""name"": ""Michela Pruvost"", ""email"": ""michela.pruvost@holt.co.uk""}",michela.pruvost@holt.co.uk,5696,Michela,Pruvost
"{""contact_id"": 1798, ""name"": ""Guarino Escalante"", ""email"": ""guarino.escalante@hotmail.com""}",guarino.escalante@hotmail.com,1798,Guarino,Escalante
"{""contact_id"": 1657, ""name"": ""Gabriela Padilla"", ""email"": ""gabriela.padilla@pearson-russell.com""}",gabriela.padilla@pearson-russell.com,1657,Gabriela,Padilla
"{""contact_id"": 3651, ""name"": ""Agathe Dias"", ""email"": ""agathe.dias@jackson.com""}",agathe.dias@jackson.com,3651,Agathe,Dias
"{""contact_id"": 3574, ""name"": ""Werner Kallert"", ""email"": ""werner.kallert@gmail.com""}",werner.kallert@gmail.com,3574,Werner,Kallert
"{""contact_id"": 6063, ""name"": ""Lore Delaunay"", ""email"": ""lore.delaunay@yahoo.com""}",lore.delaunay@yahoo.com,6063,Lore,Delaunay
"{""contact_id"": 2404, ""name"": ""Enzio Campos"", ""email"": ""enzio.campos@tim.it""}",enzio.campos@tim.it,2404,Enzio,Campos
"{""contact_id"": 2705, ""name"": ""Walther Duarte"", ""email"": ""walther.duarte@web.de""}",walther.duarte@web.de,2705,Walther,Duarte
"{""contact_id"": 5059, ""name"": ""Adelgunde Trevisan"", ""email"": ""adelgunde.trevisan@gmail.com""}",adelgunde.trevisan@gmail.com,5059,Adelgunde,Trevisan
"{""contact_id"": 5466, ""name"": ""Thierry Schwartz"", ""email"": ""thierry.schwartz@travaglio.net""}",thierry.schwartz@travaglio.net,5466,Thierry,Schwartz
"{""contact_id"": 5821, ""name"": ""Katie Andersen"", ""email"": ""katie.andersen@haney.com.au""}",katie.andersen@haney.com.au,5821,Katie,Andersen
"{""contact_id"": 5385, ""name"": ""Kathy Zamorani"", ""email"": ""kathy.zamorani@hotmail.com""}",kathy.zamorani@hotmail.com,5385,Kathy,Zamorani
"{""contact_id"": 3506, ""name"": ""Giuseppina Tanguy"", ""email"": ""giuseppina.tanguy@wanadoo.fr""}",giuseppina.tanguy@wanadoo.fr,3506,Giuseppina,Tanguy
"{""contact_id"": 5427, ""name"": ""Jack Klapp"", ""email"": ""jack.klapp@hotmail.com.au""}",jack.klapp@hotmail.com.au,5427,Jack,Klapp
"{""contact_id"": 6142, ""name"": ""Tom Leconte"", ""email"": ""tom.leconte@woods-johnson.com""}",tom.leconte@woods-johnson.com,6142,Tom,Leconte
"{""contact_id"": 2873, ""name"": ""Bonnie Cignaroli"", ""email"": ""bonnie.cignaroli@yahoo.com""}",bonnie.cignaroli@yahoo.com,2873,Bonnie,Cignaroli
"{""contact_id"": 3916, ""name"": ""Danny Farrell"", ""email"": ""danny.farrell@hotmail.com""}",danny.farrell@hotmail.com,3916,Danny,Farrell
"{""contact_id"": 1687, ""name"": ""Fiorenzo Bauer"", ""email"": ""fiorenzo.bauer@gmail.com""}",fiorenzo.bauer@gmail.com,1687,Fiorenzo,Bauer
"{""contact_id"": 1542, ""name"": ""Randy Alfieri"", ""email"": ""randy.alfieri@verri.org""}",randy.alfieri@verri.org,1542,Randy,Alfieri
"{""contact_id"": 3087, ""name"": ""Tim Bradley"", ""email"": ""tim.bradley@schlosser.de""}",tim.bradley@schlosser.de,3087,Tim,Bradley
"{""contact_id"": 3857, ""name"": ""Yves Mendez"", ""email"": ""yves.mendez@gmail.com""}",yves.mendez@gmail.com,3857,Yves,Mendez
"{""contact_id"": 5921, ""name"": ""Raffaella Esquivel"", ""email"": ""raffaella.esquivel@gmail.com""}",raffaella.esquivel@gmail.com,5921,Raffaella,Esquivel
"{""contact_id"": 3144, ""name"": ""Lawrence Vasari"", ""email"": ""lawrence.vasari@castillo.edu""}",lawrence.vasari@castillo.edu,3144,Lawrence,Vasari
"{""contact_id"": 2676, ""name"": ""Sam Adams"", ""email"": ""sam.adams@yahoo.com""}",sam.adams@yahoo.com,2676,Sam,Adams
"{""contact_id"": 3646, ""name"": ""Mirco Nicolini"", ""email"": ""mirco.nicolini@blin.net""}",mirco.nicolini@blin.net,3646,Mirco,Nicolini
"{""contact_id"": 1321, ""name"": ""Graham Bajardi"", ""email"": ""graham.bajardi@yahoo.com""}",graham.bajardi@yahoo.com,1321,Graham,Bajardi
"{""contact_id"": 1399, ""name"": ""Luc Quinn"", ""email"": ""luc.quinn@walker.com""}",luc.quinn@walker.com,1399,Luc,Quinn
"{""contact_id"": 3169, ""name"": ""Stella Ullrich"", ""email"": ""stella.ullrich@hotmail.com.au""}",stella.ullrich@hotmail.com.au,3169,Stella,Ullrich
"{""contact_id"": 2058, ""name"": ""Calcedonio Remy"", ""email"": ""calcedonio.remy@edwards-benton.com""}",calcedonio.remy@edwards-benton.com,2058,Calcedonio,Remy
"{""contact_id"": 1300, ""name"": ""Nanni Almaraz"", ""email"": ""nanni.almaraz@martin.com""}",nanni.almaraz@martin.com,1300,Nanni,Almaraz
"{""contact_id"": 2075, ""name"": ""Pascual Corradi"", ""email"": ""pascual.corradi@lopez.net.au""}",pascual.corradi@lopez.net.au,2075,Pascual,Corradi
"{""contact_id"": 2984, ""name"": ""Kristi Grant"", ""email"": ""kristi.grant@yahoo.co.uk""}",kristi.grant@yahoo.co.uk,2984,Kristi,Grant
"{""contact_id"": 4768, ""name"": ""Manuel Gracia"", ""email"": ""manuel.gracia@trussardi.eu""}",manuel.gracia@trussardi.eu,4768,Manuel,Gracia
"{""contact_id"": 3682, ""name"": ""Gionata Hussain"", ""email"": ""gionata.hussain@yahoo.com""}",gionata.hussain@yahoo.com,3682,Gionata,Hussain
"{""contact_id"": 5901, ""name"": ""Maria Nguyen"", ""email"": ""maria.nguyen@hernadez.com""}",maria.nguyen@hernadez.com,5901,Maria,Nguyen
"{""contact_id"": 3540, ""name"": ""Leon Baker"", ""email"": ""leon.baker@hotmail.com""}",leon.baker@hotmail.com,3540,Leon,Baker
"{""contact_id"": 2225, ""name"": ""Gianmarco Alcaraz"", ""email"": ""gianmarco.alcaraz@zacchia.net""}",gianmarco.alcaraz@zacchia.net,2225,Gianmarco,Alcaraz
"{""contact_id"": 1485, ""name"": ""Derrick Little"", ""email"": ""derrick.little@small.org""}",derrick.little@small.org,1485,Derrick,Little
"{""contact_id"": 5343, ""name"": ""Terry Ramirez"", ""email"": ""terry.ramirez@hotmail.co.uk""}",terry.ramirez@hotmail.co.uk,5343,Terry,Ramirez
"{""contact_id"": 5594, ""name"": ""Katarina Clarke"", ""email"": ""katarina.clarke@hotmail.com.au""}",katarina.clarke@hotmail.com.au,5594,Katarina,Clarke
"{""contact_id"": 2482, ""name"": ""Leila Washington"", ""email"": ""leila.washington@gmail.com""}",leila.washington@gmail.com,2482,Leila,Washington
"{""contact_id"": 2706, ""name"": ""Mirko Townsend"", ""email"": ""mirko.townsend@schmitt.com""}",mirko.townsend@schmitt.com,2706,Mirko,Townsend
"{""contact_id"": 4861, ""name"": ""Randall Connolly"", ""email"": ""randall.connolly@jovinelli-castelli.com""}",randall.connolly@jovinelli-castelli.com,4861,Randall,Connolly
"{""contact_id"": 2961, ""name"": ""Pia Burgess"", ""email"": ""pia.burgess@proyectos.org""}",pia.burgess@proyectos.org,2961,Pia,Burgess
"{""contact_id"": 3043, ""name"": ""Justine Mancini"", ""email"": ""justine.mancini@tiscali.it""}",justine.mancini@tiscali.it,3043,Justine,Mancini
"{""contact_id"": 6103, ""name"": ""Reynaldo Wagenknecht"", ""email"": ""reynaldo.wagenknecht@faure.com""}",reynaldo.wagenknecht@faure.com,6103,Reynaldo,Wagenknecht
"{""contact_id"": 4708, ""name"": ""Toni Magrassi"", ""email"": ""toni.magrassi@gmail.com""}",toni.magrassi@gmail.com,4708,Toni,Magrassi
"{""contact_id"": 4395, ""name"": ""Patrizio Cisneros"", ""email"": ""patrizio.cisneros@martinez.edu.au""}",patrizio.cisneros@martinez.edu.au,4395,Patrizio,Cisneros
"{""contact_id"": 4912, ""name"": ""Durante Lindner"", ""email"": ""durante.lindner@picard.fr""}",durante.lindner@picard.fr,4912,Durante,Lindner
"{""contact_id"": 2030, ""name"": ""Rosl Lamborghini"", ""email"": ""rosl.lamborghini@hiller.net""}",rosl.lamborghini@hiller.net,2030,Rosl,Lamborghini
"{""contact_id"": 5235, ""name"": ""Ugo Harrison"", ""email"": ""ugo.harrison@morley-chapman.co.uk""}",ugo.harrison@morley-chapman.co.uk,5235,Ugo,Harrison
"{""contact_id"": 5001, ""name"": ""Isidor Carpenter"", ""email"": ""isidor.carpenter@chauvin.com""}",isidor.carpenter@chauvin.com,5001,Isidor,Carpenter
"{""contact_id"": 4093, ""name"": ""Marie Zoppetto"", ""email"": ""marie.zoppetto@kallert.de""}",marie.zoppetto@kallert.de,4093,Marie,Zoppetto
"{""contact_id"": 2576, ""name"": ""Branko Chambers"", ""email"": ""branko.chambers@ifrance.com""}",branko.chambers@ifrance.com,2576,Branko,Chambers
"{""contact_id"": 6122, ""name"": ""Alan Pineda"", ""email"": ""alan.pineda@proyectos.info""}",alan.pineda@proyectos.info,6122,Alan,Pineda
"{""contact_id"": 2813, ""name"": ""Carmen Oestrovsky"", ""email"": ""carmen.oestrovsky@gmail.com""}",carmen.oestrovsky@gmail.com,2813,Carmen,Oestrovsky
"{""contact_id"": 3737, ""name"": ""Shane Fernandez"", ""email"": ""shane.fernandez@hotmail.de""}",shane.fernandez@hotmail.de,3737,Shane,Fernandez
"{""contact_id"": 2803, ""name"": ""Debbie Guilbert"", ""email"": ""debbie.guilbert@berg.edu""}",debbie.guilbert@berg.edu,2803,Debbie,Guilbert
"{""contact_id"": 5508, ""name"": ""Vito Dossi"", ""email"": ""vito.dossi@hotmail.co.uk""}",vito.dossi@hotmail.co.uk,5508,Vito,Dossi
"{""contact_id"": 3850, ""name"": ""Evan Schacht"", ""email"": ""evan.schacht@price.com""}",evan.schacht@price.com,3850,Evan,Schacht
"{""contact_id"": 4220, ""name"": ""Mandy Weston"", ""email"": ""mandy.weston@free.fr""}",mandy.weston@free.fr,4220,Mandy,Weston
"{""contact_id"": 4532, ""name"": ""Paulo Zito"", ""email"": ""paulo.zito@nelson.biz""}",paulo.zito@nelson.biz,4532,Paulo,Zito
"{""contact_id"": 6013, ""name"": ""Alberto Girschner"", ""email"": ""alberto.girschner@laboratorios.com""}",alberto.girschner@laboratorios.com,6013,Alberto,Girschner
"{""contact_id"": 3396, ""name"": ""Giacomo Bouvet"", ""email"": ""giacomo.bouvet@gmail.com""}",giacomo.bouvet@gmail.com,3396,Giacomo,Bouvet
"{""contact_id"": 4401, ""name"": ""Ehrentraud Puga"", ""email"": ""ehrentraud.puga@laboratorios.com""}",ehrentraud.puga@laboratorios.com,4401,Ehrentraud,Puga
"{""contact_id"": 2981, ""name"": ""Cristian Hale"", ""email"": ""cristian.hale@hotmail.co.uk""}",cristian.hale@hotmail.co.uk,2981,Cristian,Hale
"{""contact_id"": 4467, ""name"": ""Lilija Charles"", ""email"": ""lilija.charles@gmail.com""}",lilija.charles@gmail.com,4467,Lilija,Charles
"{""contact_id"": 1377, ""name"": ""Albert Legendre"", ""email"": ""albert.legendre@lee.com""}",albert.legendre@lee.com,1377,Albert,Legendre
"{""contact_id"": 5036, ""name"": ""Marisa Renaud"", ""email"": ""marisa.renaud@smith.org""}",marisa.renaud@smith.org,5036,Marisa,Renaud
"{""contact_id"": 5761, ""name"": ""Sharon Diallo"", ""email"": ""sharon.diallo@gmail.com""}",sharon.diallo@gmail.com,5761,Sharon,Diallo
"{""contact_id"": 3699, ""name"": ""Eduardo Delattre"", ""email"": ""eduardo.delattre@lynch.net.au""}",eduardo.delattre@lynch.net.au,3699,Eduardo,Delattre
"{""contact_id"": 4519, ""name"": ""Bernadette Wang"", ""email"": ""bernadette.wang@gmail.com""}",bernadette.wang@gmail.com,4519,Bernadette,Wang
"{""contact_id"": 5395, ""name"": ""Dina Gibbons"", ""email"": ""dina.gibbons@brewer.net""}",dina.gibbons@brewer.net,5395,Dina,Gibbons
"{""contact_id"": 3057, ""name"": ""Clara Armstrong"", ""email"": ""clara.armstrong@vodafone.it""}",clara.armstrong@vodafone.it,3057,Clara,Armstrong
"{""contact_id"": 2741, ""name"": ""Elliott Herrmann"", ""email"": ""elliott.herrmann@hotmail.com.au""}",elliott.herrmann@hotmail.com.au,2741,Elliott,Herrmann
"{""contact_id"": 1675, ""name"": ""Graziella Vidal"", ""email"": ""graziella.vidal@hotmail.com""}",graziella.vidal@hotmail.com,1675,Graziella,Vidal
"{""contact_id"": 2712, ""name"": ""Francisca Becerra"", ""email"": ""francisca.becerra@young.com.au""}",francisca.becerra@young.com.au,2712,Francisca,Becerra
"{""contact_id"": 4527, ""name"": ""Edeltrud Boyer"", ""email"": ""edeltrud.boyer@outlook.com""}",edeltrud.boyer@outlook.com,4527,Edeltrud,Boyer
"{""contact_id"": 1722, ""name"": ""Julian Noble"", ""email"": ""julian.noble@hill.org.au""}",julian.noble@hill.org.au,1722,Julian,Noble
"{""contact_id"": 4330, ""name"": ""Christophe Bohnbach"", ""email"": ""christophe.bohnbach@ifrance.com""}",christophe.bohnbach@ifrance.com,4330,Christophe,Bohnbach
"{""contact_id"": 5219, ""name"": ""Ippazio Angulo"", ""email"": ""ippazio.angulo@yahoo.com""}",ippazio.angulo@yahoo.com,5219,Ippazio,Angulo
"{""contact_id"": 4997, ""name"": ""Grace Kroker"", ""email"": ""grace.kroker@hotmail.com""}",grace.kroker@hotmail.com,4997,Grace,Kroker
"{""contact_id"": 2239, ""name"": ""Jared Ferguson"", ""email"": ""jared.ferguson@roberts.com""}",jared.ferguson@roberts.com,2239,Jared,Ferguson
"{""contact_id"": 4587, ""name"": ""Virginie McLean"", ""email"": ""virginie.mclean@yahoo.com""}",virginie.mclean@yahoo.com,4587,Virginie,McLean
"{""contact_id"": 4113, ""name"": ""Mason Potter"", ""email"": ""mason.potter@gmail.com""}",mason.potter@gmail.com,4113,Mason,Potter
"{""contact_id"": 4762, ""name"": ""Aaron Anaya"", ""email"": ""aaron.anaya@hotmail.com.au""}",aaron.anaya@hotmail.com.au,4762,Aaron,Anaya
"{""contact_id"": 5242, ""name"": ""Leah Ornelas"", ""email"": ""leah.ornelas@gmail.com""}",leah.ornelas@gmail.com,5242,Leah,Ornelas
"{""contact_id"": 5765, ""name"": ""Harald Roy"", ""email"": ""harald.roy@web.de""}",harald.roy@web.de,5765,Harald,Roy
"{""contact_id"": 2185, ""name"": ""Micaela Martel"", ""email"": ""micaela.martel@hotmail.com""}",micaela.martel@hotmail.com,2185,Micaela,Martel
"{""contact_id"": 5500, ""name"": ""Vincentio Sanders"", ""email"": ""vincentio.sanders@voila.fr""}",vincentio.sanders@voila.fr,5500,Vincentio,Sanders
"{""contact_id"": 3494, ""name"": ""Bettina Norbiato"", ""email"": ""bettina.norbiato@allen-lutz.org""}",bettina.norbiato@allen-lutz.org,3494,Bettina,Norbiato
"{""contact_id"": 3924, ""name"": ""Julio Renner"", ""email"": ""julio.renner@industrias.net""}",julio.renner@industrias.net,3924,Julio,Renner
"{""contact_id"": 3521, ""name"": ""Jelena Stiffel"", ""email"": ""jelena.stiffel@trupp.de""}",jelena.stiffel@trupp.de,3521,Jelena,Stiffel
"{""contact_id"": 5262, ""name"": ""Guadalupe Munoz"", ""email"": ""guadalupe.munoz@murray-hamilton.com.au""}",guadalupe.munoz@murray-hamilton.com.au,5262,Guadalupe,Munoz
"{""contact_id"": 3684, ""name"": ""Whitney Noack"", ""email"": ""whitney.noack@laboratorios.org""}",whitney.noack@laboratorios.org,3684,Whitney,Noack
"{""contact_id"": 5784, ""name"": ""Gelsomina Migliaccio"", ""email"": ""gelsomina.migliaccio@junk.com""}",gelsomina.migliaccio@junk.com,5784,Gelsomina,Migliaccio
"{""contact_id"": 1498, ""name"": ""Evangelista Pereira"", ""email"": ""evangelista.pereira@thompson-peterson.biz""}",evangelista.pereira@thompson-peterson.biz,1498,Evangelista,Pereira
"{""contact_id"": 6073, ""name"": ""Gareth Comolli"", ""email"": ""gareth.comolli@tiscali.fr""}",gareth.comolli@tiscali.fr,6073,Gareth,Comolli
"{""contact_id"": 4939, ""name"": ""Michelangelo Hess"", ""email"": ""michelangelo.hess@bouygtel.fr""}",michelangelo.hess@bouygtel.fr,4939,Michelangelo,Hess
